RESULTS_SEED_2_MOD_LVL_1_MOD_STR_25
BER: 0.3984375
len:591
d:1 0 0 1 1 0 1 0 0 1 1 1 0 1 1 0 0 1 0 1 0 0 1 0 0 1 1 0 1 1 0 1 1 0 1 0 0 1 0 1 1 1 1 0 1 1 0 1 1 1 1 0 1 0 1 0 1 1 0 0 1 1 1 1 1 0 1 1 1 0 1 1 0 1 1 0 1 1 0 1 1 1 0 1 1 0 1 1 0 1 1 1 0 1 1 0 1 1 0 1 1 1 1 1 1 1 1 1 1 1 1 1 1 1 1 0 1 1 1 1 0 1 1 1 1 1 1 0 1 1 1 1 1 1 1 0 1 1 1 1 0 1 1 1 1 1 0 1 1 1 0 1 0 1 1 0 1 1 1 0 0 1 0 0 1 1 1 0 0 1 1 0 1 0 1 1 1 1 0 1 1 1 1 1 0 1 1 1 0 1 1 1 0 1 0 1 0 0 1 0 1 1 1 1 0 1 1 0 0 1 1 1 0 1 1 1 0 1 1 0 0 1 1 1 1 1 1 1 1 0 1 1 1 1 1 0 0 1 1 0 1 1 1 1 1 1 1 0 1 1 1 1 1 1 1 0 0 1 0 0 1 1 0 0 1 1 0 1 0 0 1 0 0 1 0 0 0 0 0 0 1 0 0 1 0 0 1 0 0 0 0 0 0 1 0 0 0 0 0 0 1 0 0 0 0 1 0 0 0 0 0 0 0 0 1 0 0 0 1 0 0 0 0 0 0 0 0 1 0 0 0 0 0 0 0 0 1 0 0 0 0 0 0 0 0 0 0 1 0 0 0 0 1 0 0 0 0 0 0 0 0 0 0 0 0 0 1 0 0 0 1 0 0 0 1 0 0 0 0 1 0 0 0 0 0 1 0 0 0 0 0 0 0 0 0 0 0 0 0 0 1 0 0 1 0 0 0 0 0 0 0 0 0 0 0 0 0 0 0 0 0 0 0 0 1 0 0 1 0 0 0 0 0 0 0 0 0 0 0 0 0 1 0 0 0 0 1 0 0 0 0 0 0 0 0 0 0 0 0 0 0 0 0 0 0 0 0 0 0 1 0 0 0 0 0 0 0 0 0 0 0 0 0 0 0 1 0 0 0 0 0 0 0 0 0 0 0 0 0 0 0 0 0 0 0 0 0 0 0 0 0 1 0 0 0 0 0 0 0 0 0 0 0 0 0 0 0 0 0 0 0 0 0 0 0 0 0 0 0 0 0 1 0 0 0 0 0 0 0 0 0 0 0 0 0 0 0 0 0 0 0 0 0 0 0 0 0 0 0 0 0 0 0 0 0 1 0 0 0 0 0 0 0 0 0 0 0 0 0 0 0
e:0 0 1 0 0 1 0 0 1 1 1 0 0 0 1 1 0 0 0 0 0 0 0 0 1 0 1 0 0 1 1 0 0 1 1 0 1 0 0 1 1 0 1 1 0 1 1 0 1 1 0 1 1 0 0 0 1 0 0 1 1 1 1 1 0 0 1 1 1 1 0 0 1 0 0 0 1 1 0 1 0 1 0 1 0 0 1 1 0 1 1 0 0 0 1 1 1 1 0 1 0 1 0 1 1 1 1 0 1 0 1 1 0 1 0 1 0 0 1 0 0 0 1 1 0 1 1 0 1 1 0 1 0 1 0 1 0 0 1 1 0 1 1 1 1 1 0 0 1 0 0 1 0 0 0 1 1 0 0 0 0 0 0 1 1 1 1 0 1 0 1 1 0 0 1 1 1 1 0 1 1 0 0 1 0 1 1 1 0 0 1 0 0 1 0 0 0 1 0 1 1 0 0 1 0 1 1 1 0 0 1 1 0 0 1 0 0 0 0 0 1 1 1 1 1 0 1 0 1 0 1 1 0 0 0 0 1 1 1 0 1 1 1 1 1 1 0 0 1 1 0 1 0 1 0 0

RESULTS_SEED_2_MOD_LVL_2_MOD_STR_25
BER: 0.40234375
len:1146
d:0 0 0 1 0 1 0 0 0 0 0 1 1 0 0 1 1 1 1 0 1 0 0 0 1 1 0 1 0 0 1 0 1 0 0 0 0 1 1 0 0 1 1 0 0 0 1 1 0 0 0 1 1 0 0 0 1 0 0 1 0 0 1 0 0 0 0 0 0 1 0 1 0 1 1 0 1 1 1 0 1 0 1 0 1 0 0 0 1 0 1 0 0 0 0 1 0 1 0 0 1 0 1 0 1 1 0 0 1 0 1 0 1 0 1 0 1 0 1 1 1 0 1 0 1 0 1 1 1 0 1 0 0 1 1 0 0 0 1 0 1 0 0 0 1 0 0 1 1 1 0 0 0 1 1 1 0 1 0 0 1 0 1 0 0 1 0 0 1 1 1 0 1 1 0 0 1 0 1 0 1 1 0 1 1 0 0 1 0 1 0 0 1 1 1 0 1 0 1 0 1 0 1 0 0 1 1 0 1 0 0 1 0 1 0 1 0 0 1 0 1 0 1 1 0 0 1 0 1 0 1 0 1 0 1 1 1 0 1 0 0 0 1 0 1 0 1 0 1 0 1 0 1 0 1 0 0 0 1 1 0 1 0 0 1 0 1 0 0 0 0 1 0 1 0 0 0 0 0 1 1 0 0 0 0 0 0 1 0 0 0 0 0 1 0 0 0 0 0 0 0 1 0 0 0 0 0 0 0 0 0 0 0 0 0 0 1 0 0 0 0 0 1 1 0 0 0 0 0 0 0 0 0 1 0 0 0 0 0 0 0 0 0 1 0 0 0 0 0 0 0 0 0 1 0 0 0 0 0 0 0 0 0 1 0 0 0 0 0 0 0 1 0 0 0 0 0 0 0 1 0 0 0 0 0 0 0 0 0 0 0 0 0 0 0 0 0 0 0 0 0 1 0 0 0 0 0 0 0 1 0 0 0 0 0 0 0 0 0 0 0 0 0 0 0 0 0 1 0 0 0 0 0 0 0 0 0 0 0 0 0 0 0 0 0 0 0 0 0 0 0 0 0 0 0 0 0 0 0 0 0 0 0 0 0 0 0 0 0 0 0 0 0 0 0 0 0 0 0 0 0 0 0 0 0 0 0 0 0 0 0 0 0 0 0 0 0 0 0 0 0 0 0 0 0 0 0 0 0 0 0 0 0 0 0 0 0 0 0 0 0 0 0 0 0 0 0 0 0 0 0 0 0 0 0 0 0 0 0 0 0 0 0 0 0 0 0 0 0 0 0 0 0 0 0 0 0 0 0 0 0 0 0 0 0 0 0 0 0 0 0 0 0 0 0 0 0 0 0 0 0 0 0 0 0 0 0 0 0 0 0 0 0 0 0 0 0 0 0 0 0 0 0 0 0 0 0 0 0 0 0 0 0 0 0 0 0 0 0 0 0 0 0 0 0 0 0 0 0 0 0 0 0 0 0 0 0 0 0 0 0 0 0 0 0 0 0 0 0 0 0 0 0 0 0 0 0 0 0 0 0 0 0 0 0 0 0 0 0 0 0 0 0 0 0 0 0 0 0 0 0 0 0 0 0 0 0 0 0 0 0 0 0 0 0 0 0 0 0 1 0 0 0 0 0 0 0 0 0 0 0 0 0 0 0 0 0 0 0 0 0 0 0 0 0 0 0 0 0 0 0 0 0 0 0 0 0 0 0 0 0 0 0 0 0 0 0 0 0 0 0 0 0 0 0 0 0 0 0 0 0 0 0 0 0 0 0 0 0 0 0 0 0 0 0 0 0 0 0 0 0 0 0 0 0 0 0 0 0 0 0 0 0 0 0 0 0 0 0 0 0 0 0 0 0 0 0 0 0 0 0 0 0 0 0 0 0 0 0 0 0 0 0 0 0 0 0 0 0 0 0 0 0 0 0 0 0 0 0 0 0 0 0 0 0 0 0 0 0 0 0 0 0 0 0 0 0 0 0 0 0 0 0 0 0 0 0 0 0 0 0 0 0 0 0 0 0 0 0 0 0 0 0 0 0 0 0 0 0 0 0 0 0 0 0 0 0 0 0 0 0 0 0 0 0 0 0 0 0 0 0 0 0 0 0 0 0 0 0 0 0 0 0 0 0 0 0 0 0 0 0 0 0 0 0 0 0 0 0 0 0 0 0 0 0 0 0 0 0 0 0 0 0 0 0 0 0 0 0 0 0 0 0 0 0 0 0 0 0 0 0 0 0 0 0 0 0 0 0 0 0 0 0 0 0 0 0 0 0 0 0 0 0 0 0 0 0 0 0 0 0 0 0 0 0 0 0 0 0 0 0 0 0 0 0 0 0 0 0 0 0 0 0 0 0 0 0 0 0 0 0 0 0 0 0 0 0 0 0 0 0 0 0 0 0 0 0 0 0 0 0 0 0 0 0 0 0 0 0 0 0 0 0 0 0 0 0 0 0 0 0 0 0 0 0 0 0 0 0 0 0 0 0 0 0 0 0 0 0 0 0 0 0 0 0 0 0 0 0 0 0 0 0 0 0 0 0 0 0 0 0 0 0 0 0 0 0 0 0 0 0 0 0 0 0 0 0 0 0 0 0 0 0 0 0 0 0 0 0 0 0 0 0 0 0 0
e:0 0 0 1 1 1 0 1 0 1 0 0 1 0 1 1 0 0 1 1 1 0 0 1 1 0 0 0 0 0 0 0 0 0 0 0 0 1 1 1 1 1 0 0 0 0 0 1 0 0 1 0 1 0 0 0 1 0 0 0 0 1 0 0 0 1 0 0 0 0 1 0 0 0 1 1 1 0 1 1 1 1 0 1 0 0 1 0 0 1 0 1 0 0 1 1 0 1 0 0 1 1 0 0 0 1 1 0 1 0 1 1 1 1 1 1 1 0 0 1 0 1 1 1 1 0 0 0 1 0 1 0 0 0 1 1 0 1 0 0 0 0 0 0 0 1 0 0 1 1 0 0 0 0 1 1 1 0 0 0 1 1 0 0 0 1 0 0 1 1 0 1 0 1 1 0 1 0 0 0 0 0 0 1 0 1 0 1 0 0 0 0 1 1 1 1 0 1 0 1 1 1 1 1 0 1 1 0 1 0 1 0 0 1 1 1 1 0 0 0 0 0 0 0 0 1 1 0 1 0 0 1 1 1 1 0 1 0 1 1 0 1 1 1 1 0 1 0 0 1 1 0 1 1 0 0

RESULTS_SEED_2_MOD_LVL_3_MOD_STR_25
BER: 0.5193798449612403
len:1611
d:1 0 1 0 0 0 0 1 1 1 0 1 0 0 0 0 1 0 0 1 1 1 0 1 0 0 0 0 0 1 0 1 1 0 0 1 0 0 1 0 1 1 1 1 1 0 0 1 0 1 1 1 1 0 0 0 0 0 1 1 0 1 1 0 1 1 0 1 0 0 1 1 0 1 1 0 1 1 0 1 1 1 0 0 0 1 0 1 1 1 0 1 1 0 1 1 1 1 1 1 0 0 1 0 0 0 0 1 0 1 1 1 0 0 0 1 0 0 1 1 0 1 1 0 0 1 1 0 0 1 0 0 0 0 1 1 0 0 0 0 1 1 0 0 1 0 0 0 0 0 0 1 1 0 1 1 1 0 0 0 1 1 0 1 1 0 0 0 1 0 0 0 1 1 0 0 1 0 1 1 1 0 0 0 0 0 0 1 1 0 1 1 0 1 1 1 0 0 0 1 1 1 0 0 1 1 0 0 0 0 0 1 1 0 1 1 0 0 0 0 1 1 0 1 1 0 1 1 0 1 1 0 0 1 1 0 0 1 0 0 1 0 0 0 0 0 1 0 0 0 1 1 1 0 0 0 0 1 1 0 0 0 1 0 0 0 0 1 0 0 0 0 1 0 0 0 1 1 0 0 0 0 0 0 0 1 1 0 0 0 0 0 0 0 0 0 1 0 0 1 0 0 0 0 0 0 1 1 0 0 0 0 0 0 0 1 1 1 0 0 0 0 0 0 0 0 1 0 0 1 0 0 0 0 0 0 0 0 1 0 0 0 0 0 0 0 0 1 0 0 0 0 0 0 0 0 1 0 0 0 0 0 0 0 0 1 0 0 0 0 0 0 0 0 1 0 0 0 0 0 0 0 0 0 0 0 1 0 0 0 0 0 0 0 0 0 0 0 0 0 0 1 0 0 0 0 0 0 0 0 1 0 0 0 0 0 0 0 0 0 0 0 0 0 0 0 0 0 1 0 0 0 0 0 0 0 0 0 0 0 1 0 0 0 0 0 0 0 0 0 0 0 0 0 0 0 0 0 0 0 0 1 0 0 0 0 0 0 0 0 0 0 0 0 0 0 0 0 0 0 0 0 0 0 0 0 0 0 1 0 0 0 0 0 0 0 0 0 0 0 1 0 0 0 0 0 0 0 0 1 0 0 0 0 0 0 0 0 0 0 0 0 0 0 0 0 0 0 0 0 0 0 0 0 0 0 0 0 0 0 0 0 0 0 0 0 0 0 0 0 0 0 0 0 0 0 0 0 0 0 0 0 0 0 0 0 0 0 0 0 0 0 1 0 0 0 0 0 0 0 0 0 0 0 0 0 0 0 0 0 0 0 0 0 0 0 0 0 0 0 0 0 0 0 0 0 0 0 0 0 0 0 0 0 0 0 0 0 0 0 0 0 0 0 0 0 0 0 0 0 0 0 0 0 0 0 0 0 0 0 0 0 0 0 0 0 0 0 0 0 0 0 0 0 0 0 0 0 0 0 0 0 0 0 0 0 0 0 0 0 0 0 0 0 0 0 0 0 0 0 0 0 0 0 0 0 0 0 0 0 0 0 0 0 0 0 0 0 0 0 0 0 0 0 0 0 0 0 0 0 0 0 0 0 0 0 0 0 0 0 0 0 0 0 0 0 0 0 0 0 0 0 0 0 0 0 0 0 0 0 0 0 0 0 0 0 0 0 0 0 0 0 0 0 0 0 0 0 0 0 0 0 0 0 0 0 0 0 0 0 0 0 0 0 0 0 0 0 0 0 0 0 0 0 0 0 0 0 0 0 0 0 0 0 0 0 0 0 0 0 0 0 0 0 0 0 0 0 0 0 0 0 0 0 0 0 0 0 0 0 0 0 0 0 0 0 0 0 0 0 0 0 0 0 0 0 0 0 0 0 0 0 0 0 0 0 0 0 0 0 0 0 0 0 0 0 0 0 0 0 0 0 0 0 0 0 0 0 0 0 0 0 0 0 0 0 0 0 0 0 0 0 0 0 0 0 0 0 0 0 0 0 0 0 0 0 0 0 0 0 0 0 0 0 0 0 0 0 0 0 0 0 0 0 0 0 0 0 0 0 0 0 0 0 0 0 0 0 0 0 0 0 0 0 0 0 0 0 0 0 0 0 0 0 0 0 0 0 0 0 0 0 0 0 0 0 0 0 0 0 0 0 0 0 0 0 0 0 0 0 0 0 0 0 0 0 0 0 0 0 0 0 0 0 0 0 0 0 0 0 0 0 0 0 0 0 0 0 0 0 0 0 0 0 0 0 0 0 0 0 0 0 0 0 0 0 0 0 0 0 0 0 0 0 0 0 0 0 0 0 0 0 0 0 0 0 0 0 0 0 0 0 0 0 0 0 0 0 0 0 0 0 0 0 0 0 0 0 0 0 0 0 0 0 0 0 0 0 0 0 0 0 0 0 0 0 0 0 0 0 0 0 0 0 0 0 0 0 0 0 0 0 0 0 0 0 0 0 0 0 0 0 0 0 0 0 0 0 0 0 0 0 0 0 0 0 0 0 0 0 0 0 0 0 0 0 0 0 0 0 0 0 0 0 0 0 0 0 0 0 0 0 0 0 0 0 0 0 0 0 0 0 0 0 0 0 0 0 0 0 0 0 0 0 0 0 0 0 0 0 0 0 0 0 0 0 0 0 0 0 0 0 0 0 0 0 0 0 0 0 0 0 0 0 0 0 0 0 0 0 0 0 0 0 0 0 0 0 0 0 0 0 0 0 0 0 0 0 0 0 0 0 0 0 0 0 0 0 0 0 0 0 0 0 0 0 0 0 0 0 0 0 0 0 0 0 0 0 0 0 0 0 0 0 0 0 0 0 0 0 0 0 0 0 0 0 0 0 0 0 0 0 0 0 0 0 0 0 0 0 0 0 0 0 0 0 0 0 0 0 0 0 0 0 0 0 0 0 0 0 0 0 0 0 0 0 0 0 0 0 0 0 0 0 0 0 0 0 0 0 0 0 0 0 0 0 0 0 0 0 0 0 0 0 0 0 0 0 0 0 0 0 0 0 0 0 0 0 0 0 0 0 0 0 0 0 0 0 0 0 0 0 0 0 0 0 0 0 0 0 0 0 0 0 0 0 0 0 0 0 0 0 0 0 0 0 0 0 0 0 0 0 0 0 0 0 0 0 0 0 0 0 0 0 0 0 0 0 0 0 0 0 0 0 0 0 0 0 0 0 0 0 0 0 0 0 0 0 0 0 0 0 0 0 0 0 0 0 0 0 0 0 0 0 0 0 0 0 0 0 0 0 0 0 0 0 0 0 0 0 0 0 0 0 0 0 0 0 0 0 0 0 0 0 0 0 0 0 0 0 0 0 0 0 0 0 0 0 0 0 0 0 0 0 0 0 0 0 0 0 0 0 0 0 0 0 0 0 0 0 0 0 0 0 0 0 0 0 0 0 0 0 0 0 0 0 0 0 0 0 0 0 0 0 0 0 0 0 0 0 0 0 0 0 0 0 0 0 0 0 0 0 0 0 0 0 0 0 0 0 0 0 0 0 0 0 0 0 0 0 0 0 0 0 0 0 0 0 0 0 0 0 0 0 0 0 0 0 0 0 0 0 0 0 0 0 0 0 0 0 0 0 0 0 0 0 0 0 0 0 0
e:1 0 1 1 0 1 1 0 1 1 0 1 0 1 1 0 0 0 1 1 1 1 0 1 0 0 0 1 1 1 0 0 1 1 1 0 0 0 1 1 1 0 0 0 1 0 1 1 1 1 0 0 0 0 1 1 0 1 1 0 0 1 1 1 1 1 1 1 1 1 1 0 1 1 0 1 1 1 1 1 1 0 1 0 0 1 0 0 1 0 1 1 1 0 1 0 0 0 0 1 0 1 0 1 0 1 1 0 0 0 1 0 0 1 1 0 0 1 0 1 1 0 1 1 0 1 0 0 1 0 0 0 1 0 0 0 0 0 1 1 0 0 1 0 0 1 1 1 0 1 1 0 1 1 1 0 0 1 1 1 1 0 0 0 0 1 0 0 1 0 1 0 1 0 0 1 0 1 0 1 1 0 0 0 0 1 1 1 1 1 0 0 1 1 1 1 1 1 0 0 1 0 1 1 1 0 1 0 1 0 1 0 0 0 1 1 0 1 0 1 0 0 1 1 1 1 1 1 0 0 0 1 0 0 0 1 1 1 1 0 0 1 0 0 0 0 1 1 0 1 1 0 1 0 1 0 0 0

RESULTS_SEED_2_MOD_LVL_1_MOD_STR_50
BER: 0.44140625
len:591
d:1 0 1 1 1 1 0 1 1 0 1 1 0 1 1 1 1 0 1 1 1 1 1 1 1 1 1 1 0 1 1 1 1 1 1 1 0 1 1 1 1 1 1 0 1 1 1 1 0 1 1 0 1 0 1 1 1 0 1 0 1 1 0 1 1 0 1 1 1 1 0 1 1 1 1 0 1 1 1 1 1 1 1 1 1 1 1 1 1 1 0 1 1 0 1 1 1 1 1 1 1 1 1 1 0 1 1 1 1 1 1 1 1 1 1 1 1 1 1 0 1 1 1 1 1 1 1 1 1 1 1 1 0 1 1 1 1 1 1 1 1 1 0 1 0 1 0 1 1 0 1 1 1 1 1 1 0 1 1 0 1 1 1 1 1 1 1 1 1 1 1 1 1 1 1 1 1 1 1 1 1 1 1 1 1 1 1 1 1 0 1 1 1 1 1 1 1 1 0 1 1 1 0 1 1 1 1 1 1 0 1 0 1 1 1 1 1 1 1 1 1 0 1 1 1 1 1 1 1 0 1 1 1 1 1 1 1 1 1 1 1 1 0 1 1 1 0 1 1 1 1 1 1 1 1 1 1 0 1 1 0 1 0 1 0 1 0 1 0 1 0 1 0 1 0 0 1 0 1 0 0 1 0 1 0 0 0 1 0 0 1 0 0 0 1 0 0 1 0 0 0 0 0 0 0 0 1 0 0 1 0 0 1 0 0 0 0 0 0 0 0 1 0 0 1 0 1 0 0 0 0 1 0 0 0 1 0 0 0 0 0 0 1 0 0 1 0 0 0 0 1 0 0 0 0 0 1 0 0 0 1 0 0 0 0 0 0 0 0 0 1 0 0 0 0 0 0 0 0 0 0 0 0 0 1 0 0 1 0 0 1 0 0 0 0 1 0 0 0 0 0 0 0 0 0 0 0 0 0 0 0 0 1 0 0 1 0 0 0 0 0 0 0 0 0 0 0 0 0 0 0 0 0 0 0 0 0 0 0 0 0 0 0 0 1 0 0 0 0 0 0 0 0 0 0 0 0 0 0 0 0 0 0 0 0 0 0 0 0 0 0 0 0 0 0 0 0 0 0 0 0 0 0 0 0 0 0 0 0 0 0 0 0 0 0 0 0 0 0 0 0 0 0 0 0 0 0 0 0 0 0 0 0 0 0 0 0 0 0 0 0 0 0 0 0 0 0 0 0 0 0 0 0 0 0 0 0 0 0 0 0 0 0 0 0 0 0 0 0 0 0 0 0 0 0 0 0 0 0 0 0 0 0 0 0 0 0 0 0 0 0 0 0 0 0 0 0 0 0 0 0 0 0 0 0 0 0 0 0 0 0
e:1 0 1 1 0 0 1 1 0 1 0 0 1 1 0 1 0 0 1 1 0 1 1 1 1 0 1 0 0 1 0 1 0 0 1 1 1 1 1 1 0 0 0 1 1 0 1 0 0 0 0 1 0 0 0 1 1 0 1 0 1 0 0 1 0 0 1 0 0 1 1 1 1 0 0 0 0 1 1 1 1 1 1 0 1 1 0 0 0 0 1 0 0 0 1 1 1 0 1 1 0 0 1 0 1 1 1 0 1 1 1 1 1 1 1 1 0 0 0 0 1 1 1 1 1 1 1 0 1 0 0 0 1 1 1 0 1 1 1 0 0 0 0 0 0 0 1 0 0 0 1 1 1 0 0 0 1 0 1 0 1 1 0 1 1 1 1 1 1 0 1 0 1 0 1 0 1 1 0 1 1 1 0 0 1 1 0 0 0 1 1 1 1 0 0 1 0 0 0 1 1 0 0 0 1 1 1 0 0 0 0 0 1 1 1 1 0 1 0 0 0 1 0 1 1 1 1 0 0 1 1 1 0 1 1 0 1 1 0 1 1 0 0 1 0 0 1 0 1 0 1 0 1 1 0 1

RESULTS_SEED_2_MOD_LVL_2_MOD_STR_50
BER: 0.48046875
len:1146
d:1 1 0 0 1 0 1 0 0 0 1 0 1 0 1 1 0 0 1 0 1 0 0 0 1 0 1 0 1 1 1 0 1 0 1 1 1 0 1 0 1 0 1 0 1 0 1 0 0 0 1 0 1 0 1 1 1 0 1 0 1 0 1 0 1 0 1 0 1 0 1 0 1 0 1 0 1 0 1 0 1 0 1 1 0 0 1 0 1 0 1 0 0 1 1 0 1 0 1 1 0 0 1 0 1 0 1 0 1 0 1 0 1 0 1 0 1 1 0 0 1 0 1 1 0 0 1 0 1 0 1 0 1 0 1 0 0 0 1 0 1 0 1 0 1 1 0 0 1 0 1 1 0 0 1 0 1 0 0 1 1 0 1 0 1 0 1 0 1 1 0 0 1 0 1 0 1 0 1 1 0 0 1 0 1 0 1 0 1 1 0 1 1 0 1 0 1 0 1 0 1 0 1 0 1 0 1 0 1 1 0 0 1 0 1 0 0 0 1 0 1 1 0 0 1 0 1 0 1 0 1 0 0 0 1 0 1 1 1 1 1 1 1 0 0 0 1 1 1 1 0 0 0 0 1 0 1 1 0 0 0 0 1 0 0 0 0 0 1 1 0 0 0 0 0 1 1 1 0 0 0 0 1 1 0 0 0 0 1 1 0 0 0 0 1 1 0 0 0 0 0 0 0 0 0 0 0 0 0 0 0 0 0 0 0 0 0 0 0 0 0 0 0 0 0 0 0 0 1 1 0 0 0 0 0 0 0 0 0 0 1 1 0 0 0 0 0 0 0 0 0 0 0 0 0 0 0 0 0 0 0 0 0 0 1 1 0 0 0 0 0 0 0 0 0 0 0 0 0 0 0 0 0 0 0 0 0 0 0 0 0 0 0 0 0 0 0 0 0 0 0 0 0 0 0 0 0 0 0 0 0 0 0 0 0 0 0 0 0 0 0 0 0 0 0 0 0 0 0 0 0 0 0 0 0 0 0 0 0 0 0 0 0 0 0 0 0 0 0 0 0 0 0 0 0 0 0 0 0 0 0 0 0 0 0 0 0 0 0 0 0 0 0 0 0 0 0 0 0 0 0 0 0 0 0 0 0 0 0 0 0 0 0 0 0 0 0 0 0 0 0 0 0 0 0 0 0 0 0 0 0 0 0 0 0 0 0 0 0 0 0 0 0 0 0 0 0 0 0 0 0 0 0 0 0 0 0 0 0 0 0 0 0 0 0 0 0 0 0 0 0 0 0 0 0 0 0 0 0 0 0 0 0 0 0 0 0 0 0 0 0 0 0 0 0 0 0 0 0 0 0 0 0 0 0 0 0 0 0 0 0 0 0 0 0 0 0 0 0 0 0 0 0 0 0 0 0 0 0 0 0 0 0 0 0 0 0 0 0 0 0 0 0 0 0 0 0 0 0 0 0 0 0 0 0 0 0 0 0 0 0 0 0 0 0 0 0 0 0 0 0 0 0 0 0 0 0 0 0 0 0 0 0 0 0 0 0 0 0 0 0 0 0 0 0 0 0 0 0 0 0 0 0 0 0 0 0 0 0 0 0 0 0 0 0 0 0 0 0 0 0 0 0 0 0 0 0 0 0 0 0 0 0 0 0 0 0 0 0 0 0 0 0 0 0 0 0 0 0 0 0 0 0 0 0 0 0 0 0 0 0 0 0 0 0 0 0 0 0 0 0 0 0 0 0 0 0 0 0 0 0 0 0 0 0 0 0 0 0 0 0 0 0 0 0 0 0 0 0 0 0 0 0 0 0 0 0 0 0 0 0 0 0 0 0 0 0 0 0 0 0 0 0 0 0 0 0 0 0 0 0 0 0 0 0 0 0 0 0 0 0 0 0 0 0 0 0 0 0 0 0 0 0 0 0 0 0 0 0 0 0 0 0 0 0 0 0 0 0 0 0 0 0 0 0 0 0 0 0 0 0 0 0 0 0 0 0 0 0 0 0 0 0 0 0 0 0 0 0 0 0 0 0 0 0 0 0 0 0 0 0 0 0 0 0 0 0 0 0 0 0 0 0 0 0 0 0 0 0 0 0 0 0 0 0 0 0 0 0 0 0 0 0 0 0 0 0 0 0 0 0 0 0 0 0 0 0 0 0 0 0 0 0 0 0 0 0 0 0 0 0 0 0 0 0 0 0 0 0 0 0 0 0 0 0 0 0 0 0 0 0 0 0 0 0 0 0 0 0 0 0 0 0 0 0 0 0 0 0 0 0 0 0 0 0 0 0 0 0 0 0 0 0 0 0 0 0 0 0 0 0 0 0 0 0 0 0 0 0 0 0 0 0 0 0 0 0 0 0 0 0 0 0 0 0 0 0 0 0 0 0 0 0 0 0 0 0 0 0 0 0 0 0 0 0 0 0 0 0 0 0 0 0 0 0 0 0 0 0 0 0 0 0 0 0 0 0 0 0 0 0 0 0 0 0 0 0 0 0 0 0 0 0 0 0 0 0 0 0 0 0 0 0 0 0 0 0 0 0 0 0 0 0 0 0 0 0 0 0 0 0 0 0 0 0 0 0 0 0 0 0 0 0 0 0 0 0 0 0 0 0 0 0 0 0 0
e:1 1 1 0 1 0 0 1 1 1 1 1 0 1 1 1 0 1 1 0 1 0 0 0 1 0 0 0 1 1 1 0 1 1 1 0 1 1 0 0 1 1 1 1 0 1 0 0 1 0 1 0 1 0 1 1 1 1 0 1 1 0 1 0 1 0 1 0 1 1 1 1 1 0 0 1 1 1 0 1 0 1 0 1 1 0 1 1 1 0 0 1 0 1 1 0 1 0 0 1 1 0 1 0 1 1 1 0 0 1 1 0 0 1 0 1 0 1 0 0 0 0 1 0 1 1 1 1 1 0 1 1 0 1 0 0 1 0 1 0 1 1 0 1 0 0 0 1 0 0 0 1 1 0 0 0 1 0 1 0 1 1 0 1 0 1 0 1 1 0 0 1 1 0 1 1 0 0 1 1 0 1 0 0 0 1 1 1 0 1 0 0 1 1 1 1 1 0 1 0 0 1 1 0 1 1 0 0 0 0 0 1 0 1 0 0 0 1 0 1 0 0 0 1 0 1 1 1 0 1 0 0 0 1 0 1 1 1 1 0 0 1 0 1 0 0 0 0 0 0 0 0 0 0 1 1

RESULTS_SEED_2_MOD_LVL_3_MOD_STR_50
BER: 0.44573643410852715
len:1611
d:0 0 1 1 0 1 0 1 1 0 1 0 0 0 1 1 0 1 1 1 1 0 0 0 1 0 1 1 0 1 0 1 1 0 0 0 0 1 1 0 1 0 0 0 0 1 0 1 0 1 0 0 0 1 1 0 1 1 1 1 0 0 0 1 0 1 1 0 0 0 0 1 1 0 1 1 1 1 0 0 0 1 0 0 0 0 0 0 0 0 1 0 1 1 1 1 0 0 1 0 1 0 0 0 1 1 0 1 0 0 0 0 0 1 1 0 1 0 0 0 1 0 0 1 0 1 0 0 1 1 1 1 1 1 1 1 0 1 1 0 1 1 0 1 0 0 1 1 0 1 1 0 1 0 0 1 0 1 1 0 0 1 1 0 1 1 0 1 1 1 1 0 0 1 1 0 1 0 0 1 1 0 1 1 0 1 0 0 0 1 0 0 1 0 1 0 0 1 1 1 0 0 0 0 1 0 1 1 0 1 0 0 1 0 1 1 0 1 0 1 0 0 1 0 1 1 0 1 0 1 1 1 0 1 1 0 1 1 0 1 0 0 0 1 0 1 1 0 1 0 1 0 1 1 1 1 0 1 1 1 1 0 0 0 1 1 1 0 0 1 0 0 0 0 0 1 0 1 1 0 0 0 0 0 0 0 1 1 0 0 0 0 0 0 0 0 1 0 0 0 0 0 0 0 0 1 0 0 0 0 0 0 0 1 0 0 0 0 0 0 0 0 0 1 0 0 0 0 0 0 0 0 1 0 0 1 0 0 0 0 0 0 0 0 1 0 0 0 0 0 0 0 0 0 0 0 1 0 0 0 0 0 0 0 0 1 0 0 0 0 0 0 0 0 0 0 0 0 0 0 0 0 0 1 0 0 0 0 0 0 0 0 1 0 0 0 0 0 0 0 0 0 0 0 0 0 0 0 0 0 0 0 0 0 0 0 1 0 0 0 0 0 0 0 0 0 0 0 0 0 0 0 0 0 0 0 0 0 0 0 0 0 0 0 0 0 0 0 0 0 0 0 0 0 0 0 0 0 0 0 0 0 0 0 0 0 0 0 0 0 0 0 0 1 0 0 0 0 0 0 0 0 0 0 0 0 0 0 0 0 0 0 0 0 0 0 0 0 0 0 0 0 0 0 0 0 0 0 0 0 0 0 0 0 0 0 0 0 0 0 0 0 0 0 0 0 0 0 0 0 0 0 0 0 0 0 0 0 0 0 0 0 0 0 0 0 0 0 0 0 0 0 0 0 0 0 0 1 0 0 0 0 0 0 0 0 0 0 0 0 0 0 0 0 0 0 0 0 0 0 0 0 0 0 0 0 0 0 0 0 0 0 0 0 0 0 0 0 0 0 0 0 0 0 0 0 0 0 0 0 0 0 0 0 0 0 0 0 0 0 0 0 0 0 0 0 0 0 0 0 0 0 0 0 0 0 0 0 0 0 0 0 0 0 0 0 0 0 0 0 0 0 0 0 0 0 0 0 0 0 0 0 0 0 0 0 0 0 0 0 0 0 0 0 0 0 0 0 0 0 0 0 0 0 0 0 0 0 0 0 0 0 0 0 0 0 0 0 0 0 0 0 0 0 0 0 0 0 0 0 0 0 0 0 0 0 0 0 0 0 0 0 0 0 0 0 0 0 0 0 0 0 0 0 0 0 0 0 0 0 0 0 0 0 0 0 0 0 0 0 0 0 0 0 0 0 0 0 0 0 0 0 0 0 0 0 0 0 0 0 0 0 0 0 0 0 0 0 0 0 0 0 0 0 0 0 0 0 0 0 0 0 0 0 0 0 0 0 0 0 0 0 0 0 0 0 0 0 0 0 0 0 0 0 0 0 0 0 0 0 0 0 0 0 0 0 0 0 0 0 0 0 0 0 0 0 0 0 0 0 0 0 0 0 0 0 0 0 0 0 0 0 0 0 0 0 0 0 0 0 0 0 0 0 0 0 0 0 0 0 0 0 0 0 0 0 0 0 0 0 0 0 0 0 0 0 0 0 0 0 0 0 0 0 0 0 0 0 0 0 0 0 0 0 0 0 0 0 0 0 0 0 0 0 0 0 0 0 0 0 0 0 0 0 0 0 0 0 0 0 0 0 0 0 0 0 0 0 0 0 0 0 0 0 0 0 0 0 0 0 0 0 0 0 0 0 0 0 0 0 0 0 0 0 0 0 0 0 0 0 0 0 0 0 0 0 0 0 0 0 0 0 0 0 0 0 0 0 0 0 0 0 0 0 0 0 0 0 0 0 0 0 0 0 0 0 0 0 0 0 0 0 0 0 0 0 0 0 0 0 0 0 0 0 0 0 0 0 0 0 0 0 0 0 0 0 0 0 0 0 0 0 0 0 0 0 0 0 0 0 0 0 0 0 0 0 0 0 0 0 0 0 0 0 0 0 0 0 0 0 0 0 0 0 0 0 0 0 0 0 0 0 0 0 0 0 0 0 0 0 0 0 0 0 0 0 0 0 0 0 0 0 0 0 0 0 0 0 0 0 0 0 0 0 0 0 0 0 0 0 0 0 0 0 0 0 0 0 0 0 0 0 0 0 0 0 0 0 0 0 0 0 0 0 0 0 0 0 0 0 0 0 0 0 0 0 0 0 0 0 0 0 0 0 0 0 0 0 0 0 0 0 0 0 0 0 0 0 0 0 0 0 0 0 0 0 0 0 0 0 0 0 0 0 0 0 0 0 0 0 0 0 0 0 0 0 0 0 0 0 0 0 0 0 0 0 0 0 0 0 0 0 0 0 0 0 0 0 0 0 0 0 0 0 0 0 0 0 0 0 0 0 0 0 0 0 0 0 0 0 0 0 0 0 0 0 0 0 0 0 0 0 0 0 0 0 0 0 0 0 0 0 0 0 0 0 0 0 0 0 0 0 0 0 0 0 0 0 0 0 0 0 0 0 0 0 0 0 0 0 0 0 0 0 0 0 0 0 0 0 0 0 0 0 0 0 0 0 0 0 0 0 0 0 0 0 0 0 0 0 0 0 0 0 0 0 0 0 0 0 0 0 0 0 0 0 0 0 0 0 0 0 0 0 0 0 0 0 0 0 0 0 0 0 0 0 0 0 0 0 0 0 0 0 0 0 0 0 0 0 0 0 0 0 0 0 0 0 0 0 0 0 0 0 0 0 0 0 0 0 0 0 0 0 0 0 0 0 0 0 0 0 0 0 0 0 0 0 0 0 0 0 0 0 0 0 0 0 0 0 0 0 0 0 0 0 0 0 0 0 0 0 0 0 0 0 0 0 0 0 0 0 0 0 0 0 0 0 0 0 0 0 0 0 0 0 0 0 0 0 0 0 0 0 0 0 0 0 0 0 0 0 0 0 0 0 0 0 0 0 0 0 0 0 0 0 0 0 0 0 0 0 0 0 0 0 0 0 0 0 0 0 0 0 0 0 0 0 0 0 0 0 0 0 0 0 0 0 0 0 0 0 0 0 0 0 0 0 0 0 0 0 0 0 0 0 0 0 0 0 0 0 0 0 0 0 0 0 0 0 0 0 0 0 0 0 0 0 0 0 0 0 0 0 0 0 0 0 0 0 0 0 0 0 0 0 0 0 0 0 0 0 0 0 0 0 0 0 0 0 0 0 0 0 0 0 0 0 0 0 0
e:1 1 1 1 1 0 1 1 0 0 1 1 0 0 1 1 1 0 0 0 0 1 1 0 0 1 1 1 0 1 0 1 1 0 0 0 0 0 1 1 0 1 0 0 0 0 0 0 0 1 1 1 1 0 1 1 1 0 1 1 0 0 0 0 1 0 0 1 0 1 1 0 0 0 1 0 0 0 0 1 0 0 0 1 0 0 0 0 1 0 1 0 0 0 1 1 1 1 0 1 0 0 0 0 0 1 0 1 0 0 0 1 0 0 0 0 1 1 1 0 0 0 0 0 1 0 1 1 0 1 1 1 1 0 1 0 1 1 1 1 0 1 0 0 1 0 0 1 0 0 0 1 0 0 1 0 1 1 0 0 1 0 1 1 1 1 0 1 0 0 1 0 0 1 0 0 1 0 1 1 1 1 1 0 0 1 0 0 1 1 0 0 1 0 1 0 0 1 1 0 0 1 0 0 1 0 1 0 1 1 0 0 0 1 1 1 0 1 1 1 1 0 1 1 1 0 1 0 1 0 1 1 1 1 0 1 1 0 0 1 0 0 1 0 1 0 1 1 1 0 1 0 1 0 1 1 0 0

RESULTS_SEED_2_MOD_LVL_1_MOD_STR_75
BER: 0.39453125
len:591
d:1 1 0 0 1 0 1 1 1 0 1 0 0 1 0 0 1 1 0 1 1 1 1 0 0 1 0 0 1 1 0 1 1 0 1 1 1 1 1 1 1 1 1 1 1 1 1 1 0 1 1 1 0 0 1 1 0 1 1 1 1 0 1 1 0 1 1 1 1 1 1 1 1 1 1 0 1 1 1 0 1 1 1 0 0 1 1 0 0 1 1 0 1 1 0 1 1 0 1 1 0 0 1 1 0 0 1 0 0 1 0 0 1 1 1 0 0 1 1 0 1 1 0 1 1 0 1 1 0 0 1 0 1 1 1 1 0 0 1 0 0 1 1 0 0 1 1 0 0 1 1 0 1 1 0 0 1 1 0 1 1 0 1 1 0 1 1 0 1 1 0 0 1 1 0 1 1 0 1 1 0 0 1 1 0 1 1 0 1 1 0 0 1 0 0 1 1 0 1 1 1 1 1 1 0 1 1 0 1 1 1 1 1 0 0 1 1 0 0 1 1 0 1 1 1 0 1 1 1 1 1 1 1 0 1 1 0 0 1 1 1 0 1 1 1 0 0 1 1 0 0 1 1 0 0 1 0 0 1 0 0 1 0 0 0 1 0 0 1 0 0 1 0 0 0 1 0 0 1 0 0 1 0 0 0 1 0 0 1 0 0 0 0 1 0 0 0 1 0 0 1 0 0 0 1 0 0 0 0 1 0 0 0 0 0 1 0 0 1 0 0 1 0 0 1 0 0 0 1 0 0 0 0 0 0 1 0 0 0 0 0 0 0 0 0 0 0 0 0 0 0 0 0 1 0 0 0 1 0 0 0 0 0 0 0 0 0 0 0 0 1 0 0 0 0 0 0 0 0 0 0 0 0 0 0 0 0 0 0 0 0 0 0 0 1 0 0 0 0 0 0 0 0 1 0 0 0 0 0 0 1 0 0 0 0 0 0 0 0 0 0 0 0 0 0 0 0 0 0 0 0 0 0 0 0 1 0 0 0 0 1 0 0 0 0 0 0 0 0 0 0 0 0 1 0 0 1 0 0 0 0 0 0 0 0 0 0 0 0 0 0 0 0 0 0 1 0 0 0 0 0 0 0 0 0 0 0 0 0 0 0 0 0 0 0 0 0 0 0 0 0 0 0 0 0 0 0 0 0 0 0 0 0 0 0 0 0 0 0 0 0 0 0 0 0 0 0 0 0 0 0 0 0 0 0 0 0 0 0 0 0 0 0 0 0 0 0 0 0 0 0 0 0 0 0 0 0 0 0 0 0 0 0 0 0 0 0 0 0 0 0 0 0 0 0 0 0 0 0 0 0 0 0 0 0 0 0 0 0 0 0
e:0 1 0 1 0 1 1 1 1 0 0 0 0 0 1 0 1 0 1 0 1 1 0 0 0 1 0 1 0 0 1 1 1 0 1 0 1 1 1 1 1 1 1 1 1 0 0 0 1 1 1 0 0 0 0 1 1 0 1 1 1 0 0 0 1 1 1 1 0 1 1 1 1 1 0 0 1 0 0 0 0 1 0 0 0 1 0 1 0 0 1 1 0 1 0 0 1 1 0 0 0 0 1 0 0 0 0 0 0 0 0 1 0 1 0 0 0 1 0 0 1 1 0 0 1 0 0 1 0 0 1 0 1 0 1 0 0 0 0 1 0 0 1 0 1 1 0 0 1 1 0 0 0 1 0 0 1 0 0 1 1 0 1 0 1 0 0 0 1 0 0 1 0 1 0 1 0 0 1 1 0 1 1 0 0 1 1 0 0 0 0 0 0 1 1 0 1 1 1 0 1 0 1 1 1 0 1 0 1 1 1 0 0 0 0 1 0 0 1 0 0 1 1 1 1 1 0 1 1 0 1 1 0 0 0 0 0 0 1 1 0 0 1 0 1 0 0 1 0 0 0 1 0 0 0 0

RESULTS_SEED_2_MOD_LVL_2_MOD_STR_75
BER: 0.52734375
len:1146
d:0 1 1 1 0 0 0 1 1 0 1 1 0 0 0 1 0 1 0 1 1 1 1 1 0 0 0 1 0 1 1 1 0 0 0 1 0 1 1 0 1 1 0 1 0 1 0 1 0 1 1 0 1 0 0 0 1 1 0 0 0 0 0 1 1 1 0 0 0 1 1 0 0 0 0 1 0 1 1 0 0 1 0 1 0 1 1 0 0 1 1 1 1 1 1 1 0 1 0 1 0 1 0 1 0 1 0 1 0 1 1 0 0 0 0 1 0 1 1 1 1 1 0 0 1 0 0 1 1 0 0 1 1 0 1 1 0 0 0 1 0 1 0 1 0 1 0 1 0 1 0 1 0 1 0 1 0 1 0 1 0 1 1 1 0 0 1 0 0 1 0 1 0 1 0 1 1 1 0 0 0 1 0 1 0 1 1 1 1 1 0 1 0 1 0 1 0 1 0 1 0 1 0 1 0 1 0 1 0 1 0 1 0 1 1 0 0 0 0 1 0 1 0 1 1 0 1 1 1 1 1 1 1 1 1 1 1 1 1 1 1 1 1 1 0 0 0 1 0 1 0 1 0 1 0 1 0 1 1 1 0 0 1 0 0 1 1 1 0 0 1 1 0 0 1 1 0 0 0 0 1 1 0 0 0 0 1 0 0 0 0 0 1 1 0 0 0 0 1 1 0 0 0 0 0 0 0 0 1 1 0 0 0 0 0 0 1 1 0 0 0 0 1 1 0 0 0 0 0 0 0 0 0 0 1 1 0 0 0 0 1 1 0 0 0 0 0 0 0 0 0 0 0 0 0 0 0 0 1 1 0 0 0 0 1 1 0 0 0 0 0 0 0 0 0 0 0 0 0 0 0 0 0 0 0 0 0 0 1 1 0 0 0 0 0 0 0 0 0 0 0 0 0 0 0 0 0 0 0 0 0 0 0 0 0 0 0 0 0 0 0 0 0 0 0 0 0 0 0 0 0 0 0 0 0 0 0 0 0 0 0 0 0 0 0 0 0 0 0 0 0 0 0 0 0 0 0 0 0 0 0 0 0 0 0 0 0 0 0 0 0 0 0 0 0 0 0 0 0 0 0 0 0 0 0 0 0 0 0 0 0 0 0 0 0 0 0 0 0 0 0 0 1 1 0 0 0 0 0 0 0 0 0 0 0 0 0 0 0 0 0 0 0 0 0 0 0 0 0 0 0 0 0 0 0 0 0 0 0 0 0 0 0 0 0 0 0 0 0 0 0 0 0 0 0 0 0 0 0 0 0 0 0 0 0 0 0 0 0 0 0 0 0 0 0 0 0 0 0 0 0 0 0 0 0 0 0 0 0 0 0 0 0 0 0 0 0 0 0 0 0 0 0 0 0 0 0 0 0 0 0 0 0 0 0 0 0 0 0 0 0 0 0 0 0 0 0 0 0 0 0 0 0 0 0 0 0 0 0 0 0 0 0 0 0 0 0 0 0 0 0 0 0 0 0 0 0 0 0 0 0 0 0 0 0 0 0 0 0 0 0 0 0 0 0 0 0 0 0 0 0 0 0 0 0 0 0 0 0 0 0 0 0 0 0 0 0 0 0 0 0 0 0 0 0 0 0 0 0 0 0 0 0 0 0 0 0 0 0 0 0 0 0 0 0 0 0 0 0 0 0 0 0 0 0 0 0 0 0 0 0 0 0 0 0 0 0 0 0 0 0 0 0 0 0 0 0 0 0 0 0 0 0 0 0 0 0 0 0 0 0 0 0 0 0 0 0 0 0 0 0 0 0 0 0 0 0 0 0 0 0 0 0 0 0 0 0 0 0 0 0 0 0 0 0 0 0 0 0 0 0 0 0 0 0 0 0 0 0 0 0 0 0 0 0 0 0 0 0 0 0 0 0 0 0 0 0 0 0 0 0 0 0 0 0 0 0 0 0 0 0 0 0 0 0 0 0 0 0 0 0 0 0 0 0 0 0 0 0 0 0 0 0 0 0 0 0 0 0 0 0 0 0 0 0 0 0 0 0 0 0 0 0 0 0 0 0 0 0 0 0 0 0 0 0 0 0 0 0 0 0 0 0 0 0 0 0 0 0 0 0 0 0 0 0 0 0 0 0 0 0 0 0 0 0 0 0 0 0 0 0 0 0 0 0 0 0 0 0 0 0 0 0 0 0 0 0 0 0 0 0 0 0 0 0 0 0 0 0 0 0 0 0 0 0 0 0 0 0 0 0 0 0 0 0 0 0 0 0 0 0 0 0 0 0 0 0 0 0 0 0 0 0 0 0 0 0 0 0 0 0 0 0 0 0 0 0 0 0 0 0 0 0 0 0 0 0 0 0 0 0 0 0 0 0 0 0 0 0 0 0 0 0 0 0 0 0 0 0 0 0 0 0 0 0 0 0 0 0 0 0 0 0 0 0 0 0 0 0 0 0 0 0 0 0 0 0 0 0 0 0 0 0 0 0 0 0 0 0 0 0 0 0 0 0 0 0 0 0 0 0 0 0 0 0 0 0 0 0 0 0 0 0 0 0 0 0 0 0 0 0 0 0 0 0 0 0 0 0 0 0 0 0 0 0 0 0 0 0 0 0 0 0 0 0 0
e:1 0 0 1 0 1 1 1 0 1 1 0 0 1 1 1 1 1 0 1 0 0 0 1 0 0 0 1 1 1 0 0 1 1 1 0 0 1 0 1 1 1 0 1 0 1 0 1 1 0 0 0 0 1 0 0 0 0 0 0 0 1 0 0 0 0 0 1 1 1 0 1 0 1 0 1 1 0 1 1 1 1 1 0 0 0 1 1 0 0 0 0 1 1 1 0 1 0 1 1 1 0 0 0 0 0 1 0 1 0 0 1 0 0 0 1 0 1 0 0 1 0 0 1 0 0 1 0 1 1 1 0 0 0 0 0 1 1 1 0 1 0 0 0 1 1 1 0 0 1 1 1 0 1 1 0 0 1 0 1 0 1 0 1 0 1 0 0 1 1 0 0 0 1 1 0 0 0 0 1 0 1 0 1 1 0 0 1 1 1 1 0 1 1 1 0 1 0 0 1 1 0 0 1 1 1 1 0 0 1 0 1 0 0 1 0 0 0 0 0 1 1 0 0 0 1 0 1 1 1 0 1 1 0 0 1 0 0 0 1 0 1 0 1 0 1 1 1 1 1 0 1 0 0 1 1

RESULTS_SEED_2_MOD_LVL_3_MOD_STR_75
BER: 1
TIMED OUT!!!!!

RESULTS_SEED_2_MOD_LVL_1_MOD_STR_100
BER: 0.4375
len:591
d:1 0 0 1 0 1 1 0 1 1 0 1 1 0 1 1 1 0 1 0 1 1 0 1 1 1 1 1 0 1 1 0 1 1 0 1 1 1 1 1 1 1 1 1 1 1 0 1 1 1 0 1 1 1 0 1 1 1 0 1 1 1 1 1 1 1 1 1 0 1 1 0 1 1 1 1 0 1 1 0 1 1 1 1 0 1 1 0 1 1 0 1 1 0 1 0 1 0 0 1 0 1 0 0 1 0 1 1 0 1 1 0 1 1 0 1 1 1 1 0 1 1 1 1 1 1 1 0 1 1 1 1 1 1 0 1 1 1 0 1 1 0 1 1 0 1 1 0 1 1 0 1 1 1 1 0 1 1 1 1 1 1 1 1 1 1 1 1 0 1 1 1 1 0 1 1 0 1 0 1 0 1 1 0 1 1 1 0 1 1 0 1 1 1 0 1 1 1 0 1 1 0 1 1 0 1 1 1 1 1 0 0 1 1 1 0 1 1 0 1 0 1 1 1 1 0 1 1 0 1 1 1 1 1 1 0 1 1 1 1 1 1 1 1 1 1 1 1 1 1 0 1 1 1 0 1 1 0 1 0 1 1 1 0 0 1 0 1 0 1 0 1 0 0 1 0 0 1 0 0 1 0 0 1 0 0 0 1 0 0 0 1 0 0 1 0 0 0 0 0 0 1 0 0 1 0 0 1 0 0 1 0 0 1 0 0 1 0 0 0 0 0 0 1 0 0 1 0 0 0 0 0 0 0 0 1 0 0 0 0 0 0 0 0 0 0 1 0 0 1 0 0 0 0 0 0 0 0 0 0 0 1 0 0 0 0 0 0 0 0 0 0 0 0 0 0 0 0 0 0 0 0 0 0 0 0 0 0 0 0 0 0 0 0 0 0 0 0 0 0 0 0 0 0 0 0 0 0 0 0 0 0 0 0 0 0 0 0 0 0 0 0 0 0 0 0 0 0 0 0 0 0 0 0 0 0 0 0 0 0 0 0 0 0 0 0 0 0 0 0 0 0 0 0 0 0 0 0 0 0 0 0 0 0 0 0 0 0 0 0 0 0 0 0 0 0 0 0 0 0 0 0 0 0 0 0 0 0 0 0 0 0 0 0 0 0 0 0 0 0 0 0 0 0 0 0 0 0 0 0 0 0 0 0 0 0 0 0 0 0 0 0 0 0 0 0 0 0 0 0 0 0 0 0 0 0 0 0 0 0 0 0 0 0 0 0 0 0 0 0 0 0 0 0 0 0 0 0 0 0 0 0 0 0 0 0 0 0 0 0 0 0 0 0 0 0 0 0 0 0 0 0 0 0 0 0 0 0 0 0 0
e:0 0 1 1 0 1 1 1 0 1 0 0 0 0 1 0 1 0 0 0 1 1 0 1 1 1 1 0 1 0 0 1 0 1 0 1 1 1 1 1 0 1 0 1 0 0 1 0 1 0 0 1 1 0 1 0 0 1 0 1 1 1 1 1 1 1 0 0 0 0 1 0 1 1 0 0 1 0 0 1 0 0 1 0 0 1 0 0 1 0 1 0 0 0 0 0 0 0 1 0 1 0 0 1 0 0 1 0 0 0 1 1 0 0 1 0 1 1 0 0 1 1 1 1 0 1 1 0 1 1 1 1 1 0 0 1 0 0 0 1 0 1 1 0 0 0 1 1 1 0 0 1 1 1 1 0 1 0 0 1 1 1 1 0 0 1 0 0 0 1 1 0 0 0 0 1 1 0 1 0 0 1 0 0 1 1 0 0 1 1 0 0 1 0 0 0 1 0 1 0 0 1 0 1 1 1 1 0 0 0 0 0 1 0 1 0 0 1 0 0 0 1 1 1 0 1 1 0 0 1 0 1 1 1 0 0 1 1 0 1 1 1 1 0 1 1 0 1 0 0 0 0 1 0 1 1

