RESULTS_SEED_5_MOD_LVL_1_MOD_STR_3
BER: 0.13705583756345177
d:0 0 1 1 0 1 0 1 1 0 0 1 1 0 0 1 1 0 1 1 0 0 0 1 1 0 0 1 0 1 1 0 0 0 1 1 0 1 0 0 0 1 1 1 1 1 1 1 0 1 1 0 0 0 1 0 0 0 0 1 0 0 0 1 1 1 0 0 1 1 1 1 0 0 0 0 0 0 0 0 1 1 1 0 1 1 0 1 0 1 1 0 0 0 0 0 0 1 0 0 0 0 0 0 0 1 1 1 0 1 1 1 1 0 0 1 0 1 1 1 0 1 1 0 1 1 0 0 0 1 0 0 0 1 1 0 1 1 1 0 0 0 1 0 1 0 1 1 1 0 0 1 0 1 0 0 1 0 0 0 1 0 1 0 1 1 0 1 0 0 0 1 0 0 1 0 0 0 0 1 1 1 1 0 0 0 1 1 0 0 1 0 1 1 0 1 1 0 1 0 1 1 1 1 0 1 1 1 0 0 0 1 0 1 0 0 0 0 1 0 0 0 0 1 1 0 0 0 0 1 0 0 1 1 1 1 0 0 0 0 0 1 1 0 1 0 1 1 0 1 0 1 0 0 0 0 0 0 0 0 0 0 0 0 0 0 0 0 0 0 0 0 0 0 0 0 1 0 0 0 0 0 0 0 0 0 0 0 0 0 0 1 0 0 0 0 0 0 0 0 0 0 0 0 0 0 0 0 0 0 0 0 0 0 0 0 0 0 0 0 0 0 0 0 0 0 0 0 0 0 0 0 0 0 0 0 1 1 0 0 0 0 0 0 0 0 0 0 0 0 0 0 0 0 0 0 0 0 0 0 0 0 0 1 0 0 0 0 0 0 0 0 0 0 0 0 0 0 0 0 0 0 0 0 0 0 0 0 0 0 0 0 0 0 0 0 0 0 0 0 0 0 0 0 0 0 0 0 0 0 0 0 0 0 0 0 0 0 0 0 0 0 0 0 0 0 0 0 0 0 0 0 0 0 0 0 0 0 0 0 0 0 0 0 0 0 0 0 0 0 0 0 0 0 0 0 0 0 0 0 0 0 0 0 0 0 0 0 0 0 0 0 0 0 0 0 0 0 0 0 0 0 0 0 0 0 0 0 0 0 0 0 0 0 0 0 0 0 0 0 0 0 0 0 0 0 0 0 0 0 0 0 0 0 0 0 0 0 0 0 0 0 0 0 0 0 0 0 0 0 0 0 0 0 0 0 0 0 0 0 0 0 0 0 0 0 0 0 0 0 0 0 0 0 0 0 0 0 0 0 0 0 0 0 0 0 0 0 0 0 0 0 0 0 0 0 0 0 0 0 0 0 0 0 0 0 0 0 0 0 0
e:1 0 1 1 0 1 1 0 0 1 0 1 1 1 0 0 1 0 1 1 1 0 0 1 1 0 0 1 0 0 1 0 0 0 1 0 1 0 0 1 0 1 0 1 1 1 0 1 0 0 0 0 0 0 1 0 0 0 0 1 0 0 0 1 0 1 0 0 1 0 1 1 1 0 0 0 0 0 1 1 1 1 1 0 1 1 1 1 0 0 0 0 0 0 0 1 0 0 0 1 0 0 0 0 0 1 1 1 0 1 1 1 0 0 1 1 1 1 1 1 1 1 1 1 0 1 1 1 1 0 0 0 0 1 0 0 1 1 1 0 0 1 1 1 0 1 1 1 0 0 1 1 0 1 0 0 1 1 1 0 1 1 1 0 1 1 1 1 1 0 0 1 1 1 0 0 0 1 0 1 1 1 0 0 0 0 1 1 1 0 0 0 1 1 1 0 0 0 1 0 1 1 0 0 1 1 0 0 0 0 1 0 0 1 0 0 0 1 0 1 1 0 1 1 1 0 0 1 0 1 0 0 1 0 1 0 0 0 0 0 0 0 1 1 1 1 1 0 0 1 1 1 0 0 0 1

RESULTS_SEED_5_MOD_LVL_2_MOD_STR_3
BER: 0.09162303664921466
d:0 0 1 0 0 1 1 1 1 0 0 1 1 0 1 0 1 0 0 0 0 0 0 1 0 0 0 1 0 0 1 0 1 0 1 1 0 1 1 0 0 1 1 0 0 1 1 0 1 1 1 0 1 1 0 1 0 0 0 0 1 1 0 0 1 0 1 0 0 0 0 0 1 0 1 1 1 0 1 0 1 0 1 0 1 0 1 0 1 0 1 0 1 0 1 0 1 0 1 1 1 0 1 0 1 0 1 0 1 1 1 0 0 1 1 0 1 0 0 1 1 0 1 1 1 0 1 0 0 1 1 0 1 0 0 0 1 0 1 0 1 0 1 0 1 0 1 1 1 1 1 0 0 1 0 1 0 1 0 1 0 1 1 1 0 0 1 0 0 0 1 0 0 0 1 0 0 0 1 1 1 0 1 0 1 1 0 0 1 0 1 0 1 1 0 0 1 0 0 1 0 0 1 0 1 1 0 0 0 1 1 1 1 0 1 1 1 0 1 0 0 1 1 0 1 1 1 1 1 0 1 1 1 0 0 0 0 1 1 0 0 1 1 0 1 0 0 0 0 0 1 0 1 0 0 0 0 1 0 0 0 0 1 1 0 0 0 1 0 0 0 0 0 0 0 0 0 1 0 0 0 0 0 0 0 0 0 1 0 0 0 0 0 1 0 0 0 0 0 0 0 0 0 0 0 0 0 0 0 0 0 0 0 0 1 1 0 0 0 0 0 0 0 0 0 1 0 0 0 0 0 0 0 0 0 0 0 1 0 0 0 0 0 0 0 0 0 0 0 0 0 0 0 0 0 0 0 0 0 0 0 0 0 0 0 0 0 0 0 1 0 0 0 0 0 0 0 0 0 0 0 0 0 0 0 0 0 0 0 0 0 0 0 0 0 0 0 0 0 1 0 0 0 0 0 0 0 0 0 0 0 0 0 0 0 0 0 0 0 0 0 0 0 0 0 0 0 0 0 0 1 1 0 0 0 0 0 0 0 0 0 0 0 0 0 0 0 0 0 0 0 0 0 0 0 0 0 0 0 0 0 0 0 0 0 0 0 0 0 0 0 0 0 0 0 0 0 0 0 0 0 0 0 0 0 0 0 0 0 0 0 0 0 0 0 0 0 0 0 0 0 0 0 0 0 0 0 0 0 0 0 0 0 0 0 0 0 0 0 0 0 0 0 0 0 0 0 0 0 0 0 0 0 0 0 0 0 0 0 0 0 0 0 0 0 0 0 0 0 0 0 0 0 0 0 0 0 0 0 0 0 1 0 0 0 0 0 0 0 0 0 0 0 0 0 0 0 0 0 0 0 0 0 0 0 0 0 0 0 0 0 1 0 0 0 0 0 0 0 0 0 0 0 0 0 0 0 0 0 0 0 0 0 0 0 0 0 0 0 0 0 0 0 0 0 0 0 0 0 0 0 0 0 0 0 0 0 0 0 0 0 0 0 0 0 0 0 0 0 0 0 0 0 0 0 0 0 0 0 0 0 0 0 0 0 0 0 0 0 0 0 0 0 0 0 0 0 0 0 0 0 0 0 0 0 0 0 0 0 0 0 0 0 0 0 0 0 0 0 0 0 0 0 0 0 0 0 0 0 0 0 0 0 0 0 0 0 0 0 0 0 0 0 0 0 0 0 0 0 0 0 0 0 0 0 0 0 0 0 0 0 0 0 0 0 0 0 0 0 0 0 0 0 0 0 0 0 0 0 0 0 0 0 0 0 0 0 0 0 0 0 0 0 0 0 0 0 0 0 0 0 0 0 0 0 0 0 0 0 0 0 0 0 0 0 0 0 0 0 0 0 0 0 0 0 0 0 0 0 0 0 0 0 0 0 0 0 0 0 0 0 0 0 0 0 0 0 0 0 0 0 0 0 0 0 0 0 0 0 0 0 0 0 0 0 0 0 0 0 0 0 0 0 0 0 0 0 0 0 0 0 0 0 0 0 0 0 0 0 0 0 0 0 0 0 0 0 0 0 0 0 0 0 0 0 0 0 0 0 0 0 0 0 0 0 0 0 0 0 0 0 0 0 0 0 0 0 0 0 0 0 0 0 0 0 0 0 0 0 0 0 0 0 0 0 0 0 0 0 0 0 0 0 0 0 0 0 0 0 0 0 0 0 0 0 0 0 0 0 0 0 0 0 0 0 0 0 0 0 0 0 0 0 0 0 0 0 0 0 0 0 0 0 0 0 0 0 0 0 0 0 0 0 0 0 0 0 0 0 0 0 0 0 0 0 0 0 0 0 0 0 0 0 0 0 0 0 0 0 0 0 0 0 0 0 0 0 0 0 0 0 0 0 0 0 0 0 0 0 0 0 0 0 0 0 0 0 0 0 0 0 0 0 0 0 0 0 0 0 0 0 0 0 0 0 0 0 0 0 0 0 0 0 0 0 0 0 0 0 0 0 0 0 0 0 0 0 0 0 0 0 0 0 0 0 0 0 0 0 0 0 0 0 0 0 0 0 0 0 0 0 0 0 0 0 0 0 1 0 0 0 0 0 0 0 0 0 0 0 0 0 0 0 0 0 0 0 0 0 0 0 0 0 0 0 0 0 0 0 0 0 0 0 0 0 0
e:0 0 1 1 0 1 1 0 1 1 1 1 1 0 1 1 0 0 0 0 0 1 0 0 0 0 1 0 0 1 1 0 1 0 0 1 0 0 1 0 1 0 1 0 1 0 0 1 1 1 0 0 1 0 1 0 0 0 0 1 0 1 0 0 1 1 0 0 0 0 0 0 0 1 0 1 0 1 1 1 1 1 0 0 0 1 1 1 1 0 1 0 0 1 1 1 1 0 0 1 1 1 1 0 1 1 1 0 1 0 0 0 1 1 1 0 0 1 0 1 1 0 0 0 1 0 1 0 0 1 1 1 0 1 0 0 1 1 1 1 0 0 1 1 0 0 1 1 0 0 1 0 0 0 1 0 0 0 0 1 1 0 1 0 0 1 1 0 0 1 0 1 0 0 1 0 0 1 0 0 1 1 0 1 1 0 0 0 1 0 1 0 1 1 0 1 0 0 0 1 0 1 1 0 1 0 0 0 0 1 1 0 1 1 0 0 1 1 0 1 0 1 1 0 1 1 1 0 1 1 0 0 0 1 0 0 0 0 0 1 0 1 1 1 0 0 0 0 0 1 1 1 0 1 0 0

RESULTS_SEED_5_MOD_LVL_3_MOD_STR_3
BER: 0.06579764121663563
d:0 1 1 1 1 1 0 0 1 0 0 0 1 0 0 0 0 0 0 0 0 1 0 1 0 1 0 0 0 0 1 0 0 1 0 0 0 1 0 1 0 1 1 0 1 0 0 1 1 0 1 1 1 0 0 0 0 1 0 1 1 1 1 1 0 1 1 0 0 1 0 1 1 0 0 1 0 0 1 0 1 1 1 1 0 0 0 1 0 1 1 0 0 0 0 0 1 0 0 1 0 1 1 0 0 0 0 0 1 1 1 0 0 0 0 0 0 1 0 1 0 0 1 0 1 1 1 0 1 1 1 1 0 0 0 0 0 1 0 1 1 1 1 0 0 1 0 1 0 1 0 1 0 0 1 0 1 0 1 1 0 1 0 1 0 1 1 1 1 0 0 0 1 0 0 0 0 0 1 0 0 0 1 1 0 0 0 0 0 0 1 0 1 0 1 0 1 0 0 0 0 1 0 0 0 1 1 0 1 1 1 0 0 0 0 1 0 1 0 1 1 0 0 0 0 1 0 0 0 1 1 1 0 1 1 0 1 0 1 1 0 1 0 1 0 0 1 0 0 1 0 0 0 0 0 0 0 1 0 0 0 0 0 1 0 0 0 0 0 1 0 0 1 0 1 0 0 0 0 0 0 0 0 0 0 0 0 1 1 0 0 0 0 0 0 0 0 0 0 1 0 0 0 0 0 0 0 0 1 0 0 0 0 0 1 0 0 0 0 0 1 0 0 0 0 0 0 0 1 0 0 0 0 0 0 0 0 0 1 0 0 0 0 0 1 0 0 0 0 1 0 0 0 0 0 0 0 0 0 0 0 0 0 0 0 1 0 0 0 0 0 1 0 0 1 0 0 0 0 0 0 0 0 1 0 0 0 0 0 0 0 0 1 0 0 0 0 0 0 0 0 1 0 0 0 0 0 0 0 0 1 0 0 0 0 0 0 0 0 1 0 0 1 0 0 0 0 0 0 0 1 0 0 0 0 0 0 0 0 0 1 0 0 0 0 0 0 0 0 0 0 0 0 0 0 0 0 0 0 0 0 1 0 0 0 0 0 0 0 0 1 0 0 0 0 0 0 0 0 0 0 0 0 0 0 0 0 0 1 0 0 1 0 0 0 0 0 0 0 0 0 0 0 1 0 0 0 0 0 0 0 0 1 0 0 1 0 0 1 0 0 0 0 0 0 0 0 0 0 0 0 0 0 0 0 0 1 0 0 0 0 0 0 0 0 1 0 0 0 0 0 0 0 0 0 0 0 0 0 0 0 0 0 0 0 0 1 0 0 0 0 0 0 0 0 0 0 0 1 0 0 0 0 0 0 0 0 0 0 0 0 0 0 0 0 0 0 0 0 1 0 0 0 0 0 0 0 0 0 0 0 0 0 0 0 0 0 0 0 0 0 0 0 0 0 0 1 0 0 1 0 0 0 0 0 0 0 0 1 0 0 0 0 0 0 0 0 0 0 0 0 0 0 0 0 0 0 0 0 0 0 0 0 0 0 0 0 0 0 0 0 0 0 0 0 0 0 0 0 0 0 0 0 1 0 0 0 0 0 0 0 0 0 0 0 1 0 0 0 0 0 0 0 0 0 0 0 0 0 0 0 0 0 0 0 0 0 0 0 0 0 0 0 0 0 0 0 0 1 0 0 0 0 0 0 0 0 0 0 0 0 0 0 0 0 0 0 0 0 0 0 0 0 0 0 0 0 0 0 0 0 0 0 0 0 0 0 0 0 0 0 0 0 0 0 0 0 0 0 1 0 0 0 0 0 0 0 0 0 0 0 0 0 0 0 0 0 1 0 0 0 0 0 0 0 0 0 0 0 1 0 0 0 0 0 0 0 0 0 0 0 0 0 0 1 0 0 0 0 0 0 0 0 0 0 0 0 0 0 0 0 0 0 0 0 0 0 0 1 0 0 0 0 0 0 0 0 0 0 0 0 0 0 0 0 0 0 0 0 0 0 0 0 0 0 0 0 0 0 0 0 0 0 0 1 0 0 0 0 0 0 0 0 0 0 0 0 0 0 0 0 0 0 0 0 1 0 0 0 0 0 0 0 0 0 0 0 0 0 0 0 0 0 0 0 0 0 0 0 0 0 0 0 0 0 1 0 0 0 0 0 0 0 0 0 0 0 0 0 0 0 0 0 0 0 1 0 0 0 0 0 0 0 0 0 1 0 0 0 0 0 0 0 0 0 0 0 0 0 0 0 0 0 0 0 0 0 0 0 0 0 0 0 0 1 0 0 0 0 0 0 0 0 0 0 0 0 0 0 0 0 0 0 1 0 0 0 0 0 0 0 0 0 0 0 0 0 0 0 0 0 0 0 0 0 0 0 0 0 0 1 0 0 0 0 0 0 0 0 0 0 0 0 0 0 0 0 0 0 0 0 0 0 0 0 0 0 0 0 0 0 0 0 0 0 0 0 0 0 0 0 0 0 0 0 0 0 0 0 0 0 0 0 0 0 0 0 0 0 0 0 0 0 0 0 0 0 0 0 0 0 0 0 0 0 0 0 0 0 0 0 0 0 0 0 0 0 0 0 0 0 0 0 0 0 0 0 0 0 0 0 0 0 0 0 0 0 0 0 0 0 0 0 0 0 0 0 0 0 0 0 0 0 0 0 0 0 0 0 0 0 0 1 0 0 0 0 0 0 0 0 0 0 0 0 0 0 0 0 0 0 0 0 0 0 0 0 0 0 0 0 0 0 0 0 0 0 0 0 0 0 0 0 0 0 0 0 0 0 0 1 0 0 0 0 0 0 0 0 0 0 0 0 0 0 0 0 0 0 0 0 0 0 0 0 0 0 0 0 0 0 0 0 0 0 0 0 0 0 0 0 0 0 0 0 0 0 0 0 0 0 0 0 0 0 0 0 0 0 0 0 0 0 0 0 0 0 0 0 0 0 0 0 0 0 0 0 0 0 0 0 0 0 0 0 0 0 0 0 0 0 0 0 0 0 0 0 0 0 0 0 0 0 0 0 0 0 0 0 0 0 0 0 0 0 0 0 0 0 0 0 0 0 0 0 0 0 0 0 0 0 0 0 0 0 0 0 0 0 0 0 0 0 0 0 0 0 0 0 0 0 0 0 0 0 0 0 0 0 0 0 0 0 0 0 0 0 0 1 0 0 0 0 0 0 0 0 0 0 0 0 0 0 0 0 0 0 0 0 0 0 0 0 0 0 0 0 0 0 0 0 0 0 0 0 0 0 1 0 0 0 0 0 0 0 0 0 0 0 0 0 0 0 0 0 0 0 0 0 0 0 0 0 0 0 0 0 0 0 0 0 0 0 0 0 0 0 0 0 0 0 0 0 0 0 0 0 0 0 0 0 0 0 0 0 0 0 0 0 0 0 0 0 0 0 0 0 0 0 0 0 0 0 0 0 0 0 0 0 0 0 0 0 0 0 0 0 0 0 0 0 0 0 0 0 0 0 0 0 0 0 0 0 0 0 0 0 0 0 0 0 0 0 0 0 0 0 0 0 0 0 0 0 0 0 0 0 0 0 0 0 0 0 0 0 0 0 0 0 0 0 0 0 0 0 0 0 0 0 0 0 0 0 0 0 0 0 0 0 0 0 0 0 0 0 0 0 0 0 0 0 0 0 0 0 0 0 0 0 0 0
e:0 1 0 0 1 1 1 1 0 0 0 0 0 0 1 0 0 0 0 0 0 1 1 1 0 0 0 0 1 1 1 0 1 1 0 0 0 0 0 1 1 1 1 1 1 0 1 1 1 1 0 0 1 1 0 0 0 0 1 1 1 1 0 1 1 1 0 1 1 1 1 0 1 1 0 0 1 0 0 1 1 1 0 1 0 0 0 1 1 1 0 0 1 0 1 0 0 1 1 1 1 0 0 1 1 1 0 0 1 0 0 0 0 1 0 0 1 0 1 1 1 0 0 1 1 0 1 1 1 1 1 0 1 0 0 0 0 0 0 1 0 1 1 1 1 1 1 1 1 0 0 1 0 0 1 1 1 1 0 1 0 0 1 0 0 0 1 1 1 0 0 1 0 0 0 1 0 0 1 1 0 0 0 1 0 1 1 0 0 0 1 0 0 0 1 1 1 0 0 1 0 0 0 1 0 1 1 0 1 1 0 0 0 0 1 0 1 1 0 1 0 0 0 1 0 1 1 0 1 0 0 1 0 1 1 1 1 0 1 1 0 0 0 0 1 1 0 0 1 1 0 0 1 0 0 0 0 0

RESULTS_SEED_5_MOD_LVL_1_MOD_STR_6
BER: 0.09983079526226735
d:1 0 0 0 0 0 1 1 0 1 0 1 1 1 1 1 1 0 0 0 1 0 0 1 0 0 1 1 1 0 0 1 1 1 1 1 1 1 0 1 1 0 0 1 1 0 0 0 1 1 0 1 0 1 1 0 1 1 0 1 1 0 1 1 0 0 1 1 1 0 1 1 1 1 1 0 0 0 1 0 1 0 0 0 0 1 1 0 1 1 1 0 0 1 1 0 0 1 1 0 0 0 1 0 1 0 1 0 0 1 0 1 1 0 0 1 0 0 1 1 1 1 1 0 1 1 1 0 1 0 1 1 0 0 1 0 1 1 0 0 1 0 0 0 1 1 0 0 0 0 1 0 0 1 0 0 0 1 1 1 0 0 1 1 1 1 0 1 1 1 0 0 1 1 1 1 1 1 1 1 1 1 1 0 0 0 1 1 0 0 1 1 0 1 0 1 1 0 1 1 0 0 1 1 0 1 1 1 1 0 1 1 1 1 1 0 0 0 1 0 0 1 1 1 0 0 1 0 1 1 0 0 0 0 1 1 0 0 1 1 0 1 0 0 1 1 0 1 1 1 1 0 0 0 1 0 0 0 0 0 0 0 0 1 0 0 0 0 0 0 0 0 0 0 0 0 0 0 0 0 0 0 0 1 0 0 0 0 0 0 0 0 0 0 0 0 0 0 0 0 0 0 0 0 0 0 0 0 0 0 0 0 0 0 0 0 0 0 0 0 0 0 0 0 0 0 0 0 0 0 0 0 0 0 0 0 0 0 0 0 0 0 0 0 0 0 0 0 0 0 0 0 0 0 0 0 0 0 0 0 0 0 0 0 0 0 0 0 0 0 0 0 0 0 0 0 0 0 0 0 0 0 0 0 0 0 0 0 0 0 0 0 0 0 0 0 0 0 0 0 0 0 0 0 0 0 0 0 0 0 0 0 0 0 0 0 0 0 0 0 0 0 0 0 0 0 0 0 0 0 0 0 0 0 0 0 0 0 0 0 0 0 0 0 0 0 0 0 0 0 0 0 0 0 0 0 0 0 0 0 0 0 0 0 0 0 0 0 0 0 0 0 0 0 0 0 0 0 0 0 0 0 0 0 0 0 0 0 0 0 0 0 0 0 0 0 0 0 0 0 0 0 0 0 0 0 0 0 0 0 0 0 0 0 0 0 0 0 0 0 0 0 0 0 0 0 0 0 0 0 0 0 0 0 0 0 0 0 0 0 0 0 0 0 0 0 0 0 0 0 0 0 0 0 0 0 0 0 0 0 0 0 0 0 0 0 0 0 0 0 0 0 0 0 0 0 0 0 0 0 0 0 0 0 0 0 0 0 0 0 0
e:1 1 0 0 1 0 1 1 0 1 0 1 1 1 0 1 1 0 1 0 0 0 0 0 0 1 1 1 1 0 1 0 1 1 1 0 1 1 0 0 1 1 0 1 1 0 1 1 0 1 0 1 0 1 1 0 1 1 1 1 1 1 0 1 0 1 0 1 1 0 1 0 1 1 1 0 0 0 1 0 1 0 0 1 0 1 1 0 1 1 1 1 0 0 1 1 0 1 0 0 0 0 1 1 1 0 1 0 0 1 0 1 1 0 0 0 0 0 1 1 1 1 1 1 1 1 1 0 1 0 0 1 0 1 0 0 1 1 0 0 1 0 1 0 1 1 0 1 0 0 1 1 0 1 0 1 0 1 1 1 0 1 1 1 1 1 0 1 1 0 0 0 1 1 1 0 1 1 1 1 1 0 0 1 0 0 1 0 0 1 0 1 0 1 1 0 1 0 1 0 0 1 1 0 0 1 1 1 1 1 1 1 1 1 1 0 0 0 0 0 1 0 1 1 0 0 1 0 1 0 0 0 0 0 1 1 0 1 0 1 0 1 0 1 0 1 0 1 1 1 1 0 0 0 1 0

RESULTS_SEED_5_MOD_LVL_2_MOD_STR_6
BER: 0.07940663176265271
d:1 1 1 1 0 1 0 1 1 1 0 1 0 1 0 0 1 1 0 1 1 1 0 1 0 1 0 1 1 0 0 1 0 0 0 1 0 1 1 0 0 1 0 1 0 1 1 0 1 1 1 0 1 0 0 1 0 1 1 0 0 1 0 1 0 1 1 1 1 0 0 1 1 1 0 1 1 0 0 1 1 0 1 0 0 1 1 0 0 0 0 0 0 0 0 0 0 0 1 1 1 0 0 0 0 0 1 1 1 0 0 0 1 1 0 1 1 1 0 0 0 1 1 0 0 0 0 1 0 1 0 1 1 0 1 0 1 0 1 0 0 1 1 1 0 0 1 1 0 0 0 1 1 1 1 0 0 0 0 1 0 1 1 0 1 1 0 1 0 1 1 0 1 1 0 0 0 0 1 0 0 0 0 1 1 0 0 0 1 1 0 1 1 1 0 0 1 0 0 0 0 1 1 0 0 1 1 1 0 0 0 1 1 0 0 1 0 1 1 0 0 1 1 0 1 1 0 0 1 0 0 0 0 1 1 0 1 1 0 1 0 1 0 1 0 1 0 1 0 1 0 1 0 1 1 0 0 0 0 0 0 0 0 0 0 1 0 0 0 1 0 0 0 0 0 0 0 0 0 0 0 0 0 0 0 0 0 0 0 0 0 0 0 0 0 0 0 0 0 1 0 0 0 0 0 1 0 1 0 0 0 0 0 0 0 1 0 1 0 0 0 0 0 0 0 0 0 0 0 1 0 0 0 0 0 0 0 0 0 0 0 0 0 0 0 0 0 0 0 0 0 0 0 0 0 0 0 0 0 0 0 0 0 0 0 0 0 0 0 0 0 0 0 0 0 0 0 0 0 0 0 0 0 0 0 0 0 0 0 0 0 0 0 0 0 0 0 0 0 0 0 0 0 0 0 0 0 0 0 0 0 0 0 0 0 0 0 0 0 0 0 0 0 0 0 0 0 0 0 0 0 0 0 0 0 0 0 1 0 0 0 0 0 0 0 0 0 0 0 0 0 0 0 0 0 0 0 0 0 0 0 0 0 0 0 0 0 0 0 0 0 0 0 0 0 0 0 0 0 0 0 0 0 0 0 0 0 0 0 0 0 0 0 0 0 0 0 0 0 0 0 0 0 0 0 0 0 0 0 0 0 0 0 0 0 0 0 0 0 0 0 0 0 0 0 0 0 0 0 0 0 0 0 0 0 0 0 0 0 0 0 0 0 0 0 0 0 0 0 0 0 0 0 0 0 0 0 0 0 0 0 0 0 0 0 0 0 0 0 0 0 0 0 0 0 0 0 0 0 0 0 0 0 0 0 0 0 0 0 0 0 0 0 0 0 0 0 0 0 0 0 0 0 0 0 0 0 0 0 0 0 0 0 0 0 0 0 0 0 0 0 0 0 0 0 0 0 0 0 0 0 0 0 0 0 0 0 0 0 0 0 0 0 0 0 0 0 0 0 0 0 0 0 0 0 0 0 0 0 0 0 0 0 0 0 0 0 0 0 0 0 0 0 0 0 1 0 0 0 0 0 0 0 0 0 0 0 0 0 0 0 0 0 0 0 0 0 0 0 0 0 0 0 0 0 0 0 0 0 0 0 0 0 0 0 0 0 0 0 0 0 0 0 0 0 0 0 0 0 0 0 0 0 0 0 0 0 0 0 0 0 0 0 0 0 0 0 0 0 0 0 0 0 0 0 0 0 0 0 0 0 0 0 0 0 0 0 0 0 0 0 0 0 0 0 0 0 0 0 0 0 0 0 0 0 0 0 0 0 0 0 0 0 0 0 0 0 0 0 0 0 0 0 0 0 0 0 0 0 0 0 0 0 0 0 0 0 0 0 0 0 0 0 0 0 0 0 0 0 0 0 0 0 0 0 0 0 0 0 0 0 0 0 0 0 0 0 0 0 0 0 0 0 0 0 0 0 0 0 0 0 0 0 0 0 0 0 0 0 0 0 0 0 0 0 0 0 0 0 0 0 0 0 0 0 0 0 0 0 0 0 0 0 0 0 0 0 0 0 0 0 0 0 0 0 0 0 0 0 0 0 0 0 0 0 0 0 0 0 0 0 0 0 0 0 0 0 0 0 0 0 0 0 0 0 0 0 0 0 0 0 0 0 0 0 0 0 0 0 0 0 0 0 0 0 0 0 0 0 0 0 0 0 0 0 0 0 0 0 0 0 0 0 0 0 0 0 0 0 0 0 0 0 0 0 0 0 0 0 0 0 0 0 0 0 0 0 0 0 0 0 0 0 0 0 0 0 0 0 0 0 0 0 0 0 0 0 0 0 0 0 0 0 0 0 0 0 0 0 0 0 0 0 0 0 0 0 0 0 0 0 0 0 0 0 0 0 0 0 0 0 0 0 0 0 0 0 0 0 0 0 0 0 0 0 0 0 0 0 0 0 0 0 0 0 0 0 0 0 0 0 0 0 0 0 0 0 0 0 0 0 0 0 0 0 0 0 0 0 0 0 0 0 0 0 0 0 0 0 0 0 0 0 0 0 0 0 0 0 0 0 0 0 0 0 0 0 0 0 0 0 0 0 0 0 0 0 0 0 0 0 0 0 0 0 0
e:1 1 1 0 1 1 1 0 1 1 0 1 0 1 0 0 1 0 1 1 1 1 1 1 0 0 0 0 1 0 1 0 0 0 0 0 0 0 1 0 1 1 0 0 0 0 1 0 1 1 1 1 1 0 0 0 0 1 1 0 1 1 0 0 1 0 1 1 0 0 1 1 1 1 1 0 0 1 0 1 0 1 1 0 1 0 0 1 0 0 0 0 0 0 0 0 0 1 1 1 1 1 0 0 0 0 1 0 1 1 1 0 1 0 0 1 1 0 0 1 0 0 1 1 1 0 0 0 0 0 1 0 1 0 1 1 1 1 1 1 0 0 1 1 0 0 1 0 0 0 1 0 1 0 0 1 0 0 0 0 1 0 1 0 1 1 0 1 1 1 0 1 1 0 0 1 0 0 0 1 0 1 0 0 1 0 1 0 1 1 0 1 1 1 0 0 1 0 0 1 1 1 0 0 0 1 1 1 0 0 1 0 1 1 0 1 0 1 1 0 0 1 1 0 0 1 0 1 0 1 0 0 1 0 1 0 1 0 1 0 1 0 0 1 0 1 0 1 0 0 0 0 0 1 1 0

RESULTS_SEED_5_MOD_LVL_3_MOD_STR_6
BER: 0.06021104903786468
d:1 0 1 0 0 0 0 1 1 0 0 1 0 0 0 0 0 1 0 1 0 1 0 0 1 1 1 1 1 1 1 0 0 0 1 0 0 1 1 1 1 1 1 0 0 1 1 1 0 1 0 0 1 0 1 0 1 0 1 0 1 0 1 1 0 1 1 1 0 1 0 1 1 0 0 1 0 0 1 1 0 0 0 1 0 1 0 0 1 0 0 1 1 0 1 0 0 0 1 1 1 0 0 0 1 1 1 0 0 0 0 0 0 1 1 1 0 0 0 1 0 0 0 1 1 0 0 0 1 0 1 0 0 1 0 1 1 0 0 0 0 0 0 1 0 1 1 0 1 0 1 0 0 1 0 1 1 0 1 1 0 1 0 0 1 0 0 0 1 1 0 1 1 1 0 1 0 1 1 0 1 1 0 0 0 1 1 0 1 1 1 1 0 1 1 1 1 0 1 1 1 0 1 0 1 1 0 0 1 1 0 0 0 1 1 0 1 0 1 1 1 0 0 1 1 0 1 0 1 1 1 1 1 0 1 0 1 0 1 0 0 1 0 1 0 0 1 1 0 1 1 0 0 0 1 0 0 1 0 0 0 0 0 1 0 0 1 0 0 0 0 0 1 0 0 1 0 0 0 0 0 0 0 0 1 0 0 0 0 0 1 0 0 0 0 0 0 0 0 0 0 0 1 0 0 0 0 0 0 0 0 0 0 0 0 0 0 0 0 0 0 0 0 0 0 0 0 0 0 1 0 0 0 0 0 0 0 0 1 0 0 0 0 0 0 0 0 1 0 0 0 0 0 0 0 0 0 0 0 0 0 0 1 0 0 0 0 0 0 0 0 0 0 0 0 0 0 0 0 0 0 0 0 1 0 0 0 0 0 0 0 0 0 0 0 0 0 0 0 0 0 0 0 0 0 0 0 0 0 0 0 0 0 0 0 0 0 0 0 0 0 0 0 0 0 0 0 0 0 0 0 0 0 0 0 0 0 0 0 0 0 0 0 0 0 0 0 0 0 1 0 0 0 0 0 0 0 0 0 0 0 0 0 0 0 0 0 0 0 0 0 0 0 0 0 0 0 0 0 0 0 0 0 0 0 0 0 0 0 0 0 0 0 0 0 0 0 0 0 0 0 0 0 0 0 0 0 0 0 0 0 0 0 0 0 0 0 0 0 0 0 0 0 0 0 0 0 0 0 0 0 0 0 0 0 0 0 0 0 0 0 0 0 0 0 0 0 0 0 0 0 0 0 0 0 0 0 0 0 0 0 0 0 0 0 0 0 0 0 0 0 0 0 0 0 0 0 0 0 0 0 0 0 0 0 0 0 0 0 0 0 0 0 0 0 0 0 0 0 0 0 0 0 0 0 0 0 0 0 0 0 0 0 0 0 0 0 0 0 0 0 0 0 0 0 0 0 0 0 0 0 0 0 0 0 0 0 0 0 0 0 0 0 0 0 0 0 0 0 0 0 0 0 0 0 0 0 0 0 0 0 0 0 0 0 0 0 0 0 0 0 0 0 0 0 0 0 1 0 0 0 0 0 0 0 0 0 0 0 0 0 0 0 0 0 0 0 0 0 0 0 0 0 0 0 0 0 0 0 0 0 0 0 0 0 0 0 0 0 0 0 0 0 0 0 1 0 0 0 0 0 0 0 0 0 0 0 0 0 0 0 0 0 0 0 0 0 0 0 0 0 0 0 0 0 0 0 0 0 0 0 0 0 0 0 0 0 0 0 0 1 0 0 0 0 0 0 0 0 0 0 0 0 0 0 0 0 0 0 0 0 0 0 0 0 0 0 0 0 0 0 0 0 0 0 0 0 0 0 0 0 0 0 0 0 0 0 0 0 0 0 0 0 0 0 0 0 0 0 0 0 0 0 0 0 0 0 0 0 0 0 0 0 0 0 0 0 0 0 0 0 0 0 0 0 0 0 0 0 0 0 0 0 0 0 0 0 0 0 0 0 0 0 0 0 0 0 0 0 0 0 0 0 0 0 0 0 0 0 0 0 0 0 0 0 0 0 0 0 0 0 0 0 0 0 0 0 0 0 0 0 0 0 0 0 0 0 0 0 0 0 0 0 0 0 0 0 0 0 0 0 0 0 0 0 0 0 0 0 0 0 0 0 0 0 0 0 0 0 0 0 0 0 0 0 0 0 0 0 0 0 0 0 0 0 0 0 0 0 0 0 0 0 0 0 0 0 0 0 0 0 0 0 0 0 0 0 0 0 0 0 0 0 0 0 0 0 0 0 0 0 0 0 0 0 0 0 0 0 0 0 0 0 0 0 0 0 0 0 0 0 0 0 0 0 0 0 0 0 0 0 0 0 0 0 0 0 0 0 0 0 0 0 0 0 0 0 0 0 0 0 0 0 0 0 0 0 0 0 0 0 0 0 0 0 0 0 0 0 0 0 0 0 0 0 0 0 0 0 0 0 0 0 0 0 0 0 0 0 0 0 0 0 0 0 0 0 0 0 0 0 0 0 0 0 0 0 0 0 0 0 0 0 0 0 0 0 0 0 0 0 0 0 0 0 0 0 0 0 0 0 0 0 0 0 0 0 0 0 0 0 0 0 0 0 0 0 0 0 0 0 0 0 0 0 0 0 0 0 0 0 0 0 0 0 0 0 0 0 0 0 0 0 0 0 0 0 0 0 0 0 0 0 0 0 0 0 0 0 0 0 0 0 0 0 0 0 0 0 0 0 0 0 0 0 0 0 0 0 0 0 0 0 0 0 0 0 0 0 0 0 0 0 0 0 0 0 0 0 0 0 0 0 0 0 0 0 0 0 0 0 0 0 0 0 0 0 0 0 0 0 0 0 0 0 0 0 0 0 0 0 0 0 0 0 0 0 0 0 0 0 0 0 0 0 0 0 0 0 0 0 0 0 0 0 0 0 0 0 0 0 0 0 0 0 0 0 0 0 0 0 0 0 0 0 0 0 0 0 0 0 0 0 0 0 0 0 0 0 0 0 0 0 0 0 0 0 0 0 0 0 0 0 0 0 0 0 0 0 0 0 0 0 0 0 0 0 0 0 0 0 0 0 0 0 0 0 0 0 0 0 0 0 0 0 0 0 0 0 0 0 0 0 0 0 0 0 0 0 0 0 0 0 0 0 0 0 0 0 0 0 0 0 0 0 0 0 0 0 0 0 0 0 0 0 0 0 0 0 0 0 0 0 0 0 0 0 0 0 0 0 0 0 0 0 0 0 0 0 0 0 0 0 0 0 0 0 0 0 0 0 0 0 0 0 0 0 0 0 0 0 0 0 0 0 0 0 0 0 0 0 0 0 0 0 0 0 0 0 0 0 0 0 0 0 0 0 0 0 0 0 0 0 0 0 0 0 0 0 0 0 0 0 0 0 0 0 0 0 0 0 0 0 0 0 0 0 0 0 0 0 0 0 0 0 0 0 0 0 0 0 0 0 0 0 0 0 0 0 0 0 0 0 0 0 0 0 0 0 0 0 0 0 0 0 0 0 0 0 0 0 0 0 0 0 0 0 0 0 0 0 0 0 0 0 0 0 0 0 0 0 0 0 0 0 0 0 0 0 0 0 0 0 0 0 0 0 0 0 0 0 0 0 0 0 0 0 0 0 0 0 0 0 0 0 0 0 0 0 0 0
e:0 1 1 0 0 0 0 1 1 0 1 1 0 0 1 0 0 1 0 1 0 1 1 1 1 1 1 1 1 0 0 1 0 0 1 1 0 1 1 1 1 0 1 0 1 1 0 0 0 0 1 1 0 0 1 0 0 0 0 1 1 1 1 0 1 0 1 0 1 1 1 1 1 0 0 1 0 0 1 0 0 0 0 1 1 0 1 0 0 0 1 0 1 0 1 1 0 0 1 1 1 1 0 0 1 1 1 0 0 0 1 0 1 1 1 1 0 0 1 0 0 1 1 1 1 1 0 1 1 0 1 0 0 1 1 1 1 1 0 0 1 1 0 0 1 0 0 0 1 0 0 0 1 1 1 1 0 1 1 1 1 0 1 1 0 0 1 1 1 1 1 1 1 1 1 0 1 1 1 0 1 0 1 1 0 1 1 0 1 1 1 0 1 1 0 0 1 1 0 1 1 1 1 1 1 1 1 0 1 0 0 0 1 1 1 0 1 1 0 1 1 1 0 1 1 0 1 1 1 1 1 1 0 1 1 1 0 0 1 0 0 0 1 1 0 0 1 1 1 1 0 1 0 0 1 0 0 0

RESULTS_SEED_5_MOD_LVL_1_MOD_STR_9
BER: 0.07106598984771574
d:0 1 1 0 0 0 1 1 0 0 1 0 0 1 0 0 1 1 0 1 1 1 0 0 0 1 0 1 0 0 0 0 1 0 0 0 0 1 0 0 0 1 1 1 1 0 0 0 0 0 1 0 1 0 1 1 0 1 1 1 0 0 1 0 0 0 0 1 0 1 0 1 1 1 0 1 0 0 0 0 1 0 1 0 0 1 0 1 0 1 1 0 0 1 0 1 0 0 0 0 0 1 0 1 1 1 1 1 1 0 0 1 0 0 1 0 1 0 1 0 1 0 0 1 1 0 0 1 1 0 0 0 1 1 0 0 0 1 0 1 1 1 1 1 0 0 0 0 0 1 1 0 1 1 0 1 1 0 0 1 1 0 0 0 1 0 0 0 0 0 1 0 0 0 1 0 1 0 1 0 1 0 1 0 0 0 0 0 0 0 1 0 0 0 1 0 0 1 1 0 0 1 0 1 1 1 0 1 0 1 0 0 1 0 1 0 0 1 0 0 1 0 0 0 1 0 1 0 1 1 1 0 0 0 0 0 1 0 0 1 0 1 1 0 0 1 0 1 0 1 0 1 0 1 1 0 1 0 0 0 0 0 0 0 0 0 0 0 0 0 0 0 0 0 0 0 0 0 0 0 0 0 0 0 0 0 0 0 0 0 0 0 0 0 0 0 0 0 0 0 0 0 0 0 0 0 0 0 0 0 0 0 0 0 0 0 0 0 0 0 0 0 0 0 0 0 0 0 0 0 0 0 0 0 0 0 0 0 0 0 0 0 0 0 0 0 0 0 0 0 0 0 0 0 0 0 0 0 0 0 0 0 0 0 0 0 0 0 0 0 0 0 0 0 0 0 0 0 0 0 0 0 0 0 0 0 0 0 0 0 0 0 0 0 0 0 0 0 0 0 0 0 0 0 0 0 0 0 0 0 0 0 0 0 0 0 0 0 0 0 0 0 0 0 0 0 0 0 0 0 0 0 0 0 0 0 0 0 0 0 0 0 0 0 0 0 0 0 0 0 0 0 0 0 0 0 0 0 0 0 0 0 0 0 0 0 0 0 0 0 0 0 0 0 0 0 0 0 0 0 0 0 0 0 0 0 0 0 0 0 0 0 0 0 0 0 0 0 0 0 0 0 0 0 0 0 0 0 0 0 0 0 0 0 0 0 0 0 0 0 0 0 0 0 0 0 0 0 0 0 0 0 0 0 0 0 0 0 0 0 0 0 0 0 0 0 0 0 0 0 0 0 0 0 0 0 0 0 0 0 0 0 0 0 0 0 0 0 0 0 0 0 0 0 0 0 0 0 0 0 0 0 0 0 0 0 0 0 0 0 0
e:0 1 1 1 0 0 1 0 1 0 0 0 0 1 0 0 1 1 0 1 1 0 0 0 1 1 0 1 0 0 0 0 1 0 0 0 1 1 1 0 0 1 1 1 0 0 1 0 0 1 1 0 1 0 1 1 0 1 0 1 0 0 1 0 0 0 0 1 0 1 0 1 1 1 0 1 1 1 0 0 1 0 1 0 0 1 0 1 0 1 1 0 0 1 0 1 0 0 0 0 0 1 1 1 1 1 1 1 0 0 0 1 0 0 1 1 0 0 0 0 1 1 0 0 1 0 0 1 1 0 0 0 1 1 0 0 1 0 1 1 1 1 1 1 0 0 0 0 0 1 1 0 0 1 1 0 1 0 0 1 1 0 0 0 1 0 0 0 0 0 1 0 0 0 1 1 1 1 0 1 1 1 1 0 0 0 0 0 0 0 1 0 0 0 0 0 1 1 1 1 0 1 0 1 1 1 1 1 0 1 0 1 1 0 1 0 1 1 0 0 1 0 0 0 1 0 1 0 1 1 1 0 0 0 0 1 1 0 0 1 1 1 1 0 0 1 0 1 1 1 0 1 0 0 1 0

