RESULTS_SEED_1_MOD_LVL_1_MOD_STR_25
BER: 0.00338409475465313
d:1 1 0 0 0 0 1 0 1 1 1 1 1 1 1 0 1 0 1 1 1 0 1 0 0 0 1 1 0 1 1 0 1 1 1 0 0 1 1 1 0 0 0 0 1 0 0 0 1 1 0 1 0 1 0 0 1 1 1 0 0 0 1 1 1 1 0 0 0 0 0 1 0 0 1 1 0 1 1 0 0 1 1 0 1 0 0 0 0 0 1 0 0 0 1 0 0 0 1 0 0 1 1 0 0 1 0 1 0 0 1 0 1 0 0 0 1 0 0 0 1 1 0 0 1 1 0 1 1 1 1 0 0 0 1 0 0 0 0 1 0 0 0 0 0 1 1 1 0 0 1 0 0 0 0 0 0 1 0 1 1 1 0 0 0 0 1 0 0 0 1 0 1 0 0 1 1 0 1 0 1 0 1 1 1 0 0 0 0 1 0 0 0 0 0 0 0 1 1 1 1 1 0 1 1 0 0 0 1 0 1 0 1 1 1 1 0 0 0 1 0 0 0 0 1 1 1 0 1 0 1 0 0 1 1 0 0 0 1 1 1 1 1 0 1 0 0 1 0 0 0 0 0 1 0 0 0 0 0 0 0 0 0 0 0 0 0 0 0 0 0 0 0 0 0 0 0 0 0 0 0 0 0 0 0 0 0 0 0 0 0 0 0 0 0 0 0 0 0 0 0 0 0 0 0 0 0 0 0 0 0 0 0 0 0 0 0 0 0 0 0 0 0 0 0 0 0 0 0 0 0 0 0 0 0 0 0 0 0 0 0 0 0 0 0 0 0 0 0 0 0 0 0 0 0 0 0 0 0 0 0 0 0 0 0 0 0 0 0 0 0 0 0 0 0 0 0 0 0 0 0 0 0 0 0 0 0 0 0 0 0 0 0 0 0 0 0 0 0 0 0 0 0 0 0 0 0 0 0 0 0 0 0 0 0 0 0 0 0 0 0 0 0 0 0 0 0 0 0 0 0 0 0 0 0 0 0 0 0 0 0 0 0 0 0 0 0 0 0 0 0 0 0 0 0 0 0 0 0 0 0 0 0 0 0 0 0 0 0 0 0 0 0 0 0 0 0 0 0 0 0 0 0 0 0 0 0 0 0 0 0 0 0 0 0 0 0 0 0 0 0 0 0 0 0 0 0 0 0 0 0 0 0 0 0 0 0 0 0 0 0 0 0 0 0 0 0 0 0 0 0 0 0 0 0 0 0 0 0 0 0 0 0 0 0 0 0 0 0 0 0 0 0 0 0 0 0 0 0 0 0 0 0 0 0 0 0 0 0 0 0 0 0 0 0 0 0 0 0 0 0 0 0 0 0 0 0 0 0 0 0
e:1 1 0 0 0 0 1 0 1 1 1 1 1 1 1 0 1 0 1 1 1 0 1 0 0 0 1 1 0 1 1 0 1 1 1 0 0 1 1 1 0 0 0 0 1 0 0 0 1 1 0 1 0 1 0 0 1 1 1 0 0 0 1 1 1 1 0 0 0 0 0 1 0 0 1 1 0 1 1 0 0 1 1 0 1 0 0 0 0 0 1 0 0 0 1 0 0 0 1 0 0 1 1 0 0 1 0 1 0 0 1 0 1 0 0 0 1 0 0 0 1 1 0 0 1 1 1 1 1 1 1 0 0 0 1 0 0 0 0 1 0 0 0 0 0 1 1 1 0 0 1 0 0 0 0 0 1 1 0 1 1 1 0 0 0 0 1 0 0 0 1 0 1 0 0 1 1 0 1 0 1 0 1 1 1 0 0 0 0 1 0 0 0 0 0 0 0 1 1 1 1 1 0 1 1 0 0 0 1 0 1 0 1 1 1 1 0 0 0 1 0 0 0 0 1 1 1 0 1 0 1 0 0 1 1 0 0 0 1 1 1 1 1 0 1 0 0 1 0 0 0 0 0 1 0 0

RESULTS_SEED_1_MOD_LVL_2_MOD_STR_25
BER: 0.014834205933682374
d:0 0 0 0 0 1 0 0 0 1 1 0 0 1 1 0 0 1 1 1 0 1 0 0 0 0 0 1 1 1 0 0 0 0 0 0 0 0 1 1 0 0 0 1 0 1 1 1 0 0 0 0 0 1 0 0 0 1 0 0 0 1 0 1 0 1 0 0 0 1 1 1 1 1 1 1 0 0 0 1 0 0 1 1 0 1 1 1 0 0 1 0 0 1 0 1 1 0 1 0 1 1 1 0 0 1 0 1 1 1 1 0 1 1 0 1 0 1 0 0 1 0 1 0 0 0 0 0 1 1 1 1 0 0 0 0 0 1 0 0 1 0 0 1 0 1 0 0 0 1 1 0 1 0 0 1 1 1 1 0 1 0 1 1 0 0 0 1 1 0 0 1 0 1 0 1 0 1 0 1 0 1 0 1 0 0 1 1 1 1 0 0 0 1 0 1 0 0 0 1 0 1 1 1 1 1 0 1 0 1 1 0 0 1 1 0 0 0 1 0 1 1 0 1 0 1 0 0 0 0 0 1 1 1 0 0 0 1 1 0 0 0 1 0 0 1 0 1 0 0 0 1 0 1 1 1 0 0 0 0 0 0 0 0 0 0 0 0 0 0 0 0 0 0 0 0 0 0 0 0 0 0 0 0 0 0 0 0 0 0 0 0 0 0 0 0 0 0 0 0 0 0 0 0 0 0 0 0 0 0 0 0 0 0 0 0 0 0 0 0 0 0 0 0 0 0 0 0 0 0 0 0 0 0 0 0 0 0 0 0 0 0 0 0 0 0 0 0 0 0 0 0 0 0 0 0 0 0 0 0 0 0 0 0 0 0 0 0 0 0 0 0 0 0 0 0 0 0 0 0 0 0 0 0 0 0 0 0 0 0 0 0 0 0 0 0 0 0 0 0 0 0 0 0 0 0 0 0 0 0 0 0 0 0 0 0 0 0 0 0 0 0 0 0 0 0 0 0 0 0 0 0 0 0 0 0 0 0 0 0 0 0 0 0 0 0 0 0 0 0 0 0 0 0 0 0 0 0 0 0 0 0 0 0 0 0 0 0 0 0 0 0 0 0 0 0 0 0 0 0 0 0 0 0 0 0 0 0 0 0 0 0 0 0 0 0 0 0 0 0 0 0 0 0 0 0 0 0 0 0 0 0 0 0 0 0 0 0 0 0 0 0 0 0 0 0 0 0 0 0 0 0 0 0 0 0 0 0 0 0 0 0 0 0 0 0 0 0 0 0 0 0 0 0 0 0 0 0 0 0 0 0 0 0 0 0 0 0 0 0 0 0 0 0 0 0 0 0 0 0 0 0 0 0 0 0 0 0 0 0 0 0 0 0 0 0 0 0 0 0 0 0 0 0 0 0 0 0 0 0 0 0 0 0 0 0 0 0 0 0 0 0 0 0 0 0 0 0 0 0 0 0 0 0 0 0 0 0 0 0 0 0 0 0 0 0 0 0 0 0 0 0 0 0 0 0 0 0 0 0 0 0 0 0 0 0 0 0 0 0 0 0 0 0 0 0 0 0 0 0 0 0 0 0 0 0 0 0 0 0 0 0 0 0 0 0 0 0 0 0 0 0 0 0 0 0 0 0 0 0 0 0 0 0 0 0 0 0 0 0 0 0 0 0 0 0 0 0 0 0 0 0 0 0 0 0 0 0 0 0 0 0 0 0 0 0 0 0 0 0 0 0 0 0 0 0 0 0 0 0 0 0 0 0 0 0 0 0 0 0 0 0 0 0 0 0 0 0 0 0 0 0 0 0 0 0 0 0 0 0 0 0 0 0 0 0 0 0 0 0 0 0 0 0 0 0 0 0 0 0 0 0 0 0 0 0 0 0 0 0 0 0 0 0 0 0 0 0 0 0 0 0 0 0 0 0 0 0 0 0 0 0 0 0 0 0 0 0 0 0 0 0 0 0 0 0 0 0 0 0 0 0 0 0 0 0 0 0 0 0 0 0 0 0 0 0 0 0 0 0 0 0 0 0 0 0 0 0 0 0 0 0 0 0 0 0 0 0 0 0 0 0 0 0 0 0 0 0 0 0 0 0 0 0 0 0 0 0 0 0 0 0 0 0 0 0 0 0 0 0 0 0 0 0 0 0 0 0 0 0 0 0 0 0 0 0 0 0 0 0 0 0 0 0 0 0 0 0 0 0 0 0 0 0 0 0 0 0 0 0 0 0 0 0 0 0 0 0 0 0 0 0 0 0 0 0 0 0 0 0 0 0 0 0 0 0 0 0 0 0 0 0 0 0 0 0 0 0 0 0 0 0 0 0 0 0 0 0 0 0 0 0 0 0 0 0 0 0 0 0 0 0 0 0 0 0 0 0 0 0 0 0 0 0 0 0 0 0 0 0 0 0 0 0 0 0 0 0 0 0 0 0 0 0 0 0 0 0 0 0 0 0 0 0 0 0 0 0 0 0 0 0 0 0 0 0 0 0 0 0 0 0 0 0 0 0 0 0 0 0 0 0 0 0 0 0 0 0 0 0 0 0 0 0 0 0 0 0 0 0 0 0 0 0 0 0 0 0 0 0 0 0 0 0 0 0 0 0 0 0 0 0 0 0 0 0
e:0 0 0 0 0 1 0 0 0 1 1 0 1 0 1 0 0 1 1 1 0 1 0 0 0 0 0 1 1 1 0 0 0 0 0 0 0 0 1 1 0 0 0 1 0 1 1 1 0 0 0 0 0 1 0 0 0 1 0 0 0 1 0 1 0 1 0 0 0 1 1 1 1 1 1 1 0 0 0 1 0 0 1 1 0 1 1 1 0 0 1 0 0 1 0 1 1 0 1 0 1 1 1 0 0 1 0 1 1 1 1 0 1 1 0 1 0 0 0 0 1 1 1 0 0 0 0 0 1 1 1 1 0 0 0 0 0 1 0 0 1 0 0 1 0 1 0 0 0 1 1 1 1 1 0 1 1 1 1 0 1 0 1 1 0 0 0 1 1 0 0 1 0 1 0 1 0 1 0 1 0 1 0 1 0 0 1 1 1 1 0 0 0 1 0 1 0 0 0 1 1 0 1 1 1 1 0 1 1 0 1 1 0 1 1 0 0 0 1 1 1 1 1 0 0 1 0 0 0 0 0 1 1 1 0 0 0 1 1 0 0 0 1 1 0 1 0 1 0 0 1 0 0 1 1 1

RESULTS_SEED_1_MOD_LVL_3_MOD_STR_25
BER: 0.02110490378646803
d:1 1 1 1 0 0 0 0 1 0 1 0 0 0 1 1 0 0 1 0 1 1 0 0 1 0 0 0 1 0 0 0 0 0 0 0 0 0 0 1 1 1 0 1 0 0 0 0 0 1 0 0 1 1 1 1 1 1 1 0 0 0 0 0 1 1 1 0 0 0 1 0 1 1 1 0 0 0 0 1 0 1 1 1 0 1 1 1 1 0 1 1 0 1 0 0 1 1 1 0 1 0 1 0 0 1 1 0 1 1 0 1 0 1 0 0 0 0 1 0 0 1 1 0 1 0 1 0 1 1 0 0 0 1 1 1 0 1 1 0 0 0 1 0 0 1 0 0 0 1 0 1 1 1 0 0 1 1 1 0 1 1 0 1 1 0 0 0 1 0 1 0 0 1 1 0 1 1 1 0 1 0 1 1 0 0 1 1 1 0 1 1 0 0 0 0 0 1 0 1 0 0 1 1 1 0 1 0 0 1 0 1 1 1 0 0 0 1 1 0 0 1 1 1 0 0 1 1 1 0 1 0 1 1 1 0 1 1 0 0 1 0 0 1 0 0 0 0 1 0 1 0 0 0 1 0 0 0 0 0 1 0 0 0 0 0 0 0 0 0 0 0 0 0 0 0 0 0 0 0 0 0 0 0 0 0 0 0 0 0 0 0 0 0 0 0 0 0 0 0 0 0 0 0 0 0 0 0 0 0 0 0 0 0 0 0 0 0 0 0 0 0 0 0 0 0 0 0 0 0 0 0 0 0 0 0 0 0 0 0 0 0 0 0 0 0 0 0 0 0 0 0 0 0 0 0 0 0 0 0 0 0 0 0 0 0 0 0 0 0 0 0 0 0 0 0 0 0 0 0 0 0 0 0 0 0 0 0 0 0 0 0 0 0 0 0 0 0 0 0 0 0 0 0 0 0 0 0 0 0 0 0 0 0 0 0 0 0 0 0 0 0 0 0 0 0 0 0 0 0 0 0 0 0 0 0 0 0 0 0 0 0 0 0 0 0 0 0 0 0 0 0 0 0 0 0 0 0 0 0 0 0 0 0 0 0 0 0 0 0 0 0 0 0 0 0 0 0 0 0 0 0 0 0 0 0 0 0 0 0 0 0 0 0 0 0 0 0 0 0 0 0 0 0 0 0 0 0 0 0 0 0 0 0 0 0 0 0 0 0 0 0 0 0 0 0 0 0 0 0 0 0 0 0 0 0 0 0 0 0 0 0 0 0 0 0 0 0 0 0 0 0 0 0 0 0 0 0 0 0 0 0 0 0 0 0 0 0 0 0 0 0 0 0 0 0 0 0 0 0 0 0 0 0 0 0 0 0 0 0 0 0 0 0 0 0 0 0 0 0 0 0 0 0 0 0 0 0 0 0 0 0 0 0 0 0 0 0 0 0 0 0 0 0 0 0 0 0 0 0 0 0 0 0 0 0 0 0 0 0 0 0 0 0 0 0 0 0 0 0 0 0 0 0 0 0 0 0 0 0 0 0 0 0 0 0 0 0 0 0 0 0 0 0 0 0 0 0 0 0 0 0 0 0 0 0 0 0 0 0 0 0 0 0 0 0 0 0 0 0 0 0 0 0 0 0 0 0 0 0 0 0 0 0 0 0 0 0 0 0 0 0 0 0 0 0 0 0 0 0 0 0 0 0 0 0 0 0 0 0 0 0 0 0 0 0 0 0 0 0 0 0 0 0 0 0 0 0 0 0 0 0 0 0 0 0 0 0 0 0 0 0 0 0 0 0 0 0 0 0 0 0 0 0 0 0 0 0 0 0 0 0 0 0 0 0 0 0 0 0 0 0 0 0 0 0 0 0 0 0 0 0 0 0 0 0 0 0 0 0 0 0 0 0 0 0 0 0 0 0 0 0 0 0 0 0 0 0 0 0 0 0 0 0 0 0 0 0 0 0 0 0 0 0 0 0 0 0 0 0 0 0 0 0 0 0 0 0 0 0 0 0 0 0 0 0 0 0 0 0 0 0 0 0 0 0 0 0 0 0 0 0 0 0 0 0 0 0 0 0 0 0 0 0 0 0 0 0 0 0 0 0 0 0 0 0 0 0 0 0 0 0 0 0 0 0 0 0 0 0 0 0 0 0 0 0 0 0 0 0 0 0 0 0 0 0 0 0 0 0 0 0 0 0 0 0 0 0 0 0 0 0 0 0 0 0 0 0 0 0 0 0 0 0 0 0 0 0 0 0 0 0 0 0 0 0 0 0 0 0 0 0 0 0 0 0 0 0 0 0 0 0 0 0 0 0 0 0 0 0 0 0 0 0 0 0 0 0 0 0 0 0 0 0 0 0 0 0 0 0 0 0 0 0 0 0 0 0 0 0 0 0 0 0 0 0 0 0 0 0 0 0 0 0 0 0 0 0 0 0 0 0 0 0 0 0 0 0 0 0 0 0 0 0 0 0 0 0 0 0 0 0 0 0 0 0 0 0 0 0 0 0 0 0 0 0 0 0 0 0 0 0 0 0 0 0 0 0 0 0 0 0 0 0 0 0 0 0 0 0 0 0 0 0 0 0 0 0 0 0 0 0 0 0 0 0 0 0 0 0 0 0 0 0 0 0 0 0 0 0 0 0 0 0 0 0 0 0 0 0 0 0 0 0 0 0 0 0 0 0 0 0 0 0 0 0 0 0 0 0 0 0 0 0 0 0 0 0 0 0 0 0 0 0 0 0 0 0 0 0 0 0 0 0 0 0 0 0 0 0 0 0 0 0 0 0 0 0 0 0 0 0 0 0 0 0 0 0 0 0 0 0 0 0 0 0 0 0 0 0 0 0 0 0 0 0 0 0 0 0 0 0 0 0 0 0 0 0 0 0 0 0 0 0 0 0 0 0 0 0 0 0 0 0 0 0 0 0 0 0 0 0 0 0 0 0 0 0 0 0 0 0 0 0 0 0 0 0 0 0 0 0 0 0 0 0 0 0 0 0 0 0 0 0 0 0 0 0 0 0 0 0 0 0 0 0 0 0 0 0 0 0 0 0 0 0 0 0 0 0 0 0 0 0 0 0 0 0 0 0 0 0 0 0 0 0 0 0 0 0 0 0 0 0 0 0 0 0 0 0 0 0 0 0 0 0 0 0 0 0 0 0 0 0 0 0 0 0 0 0 0 0 0 0 0 0 0 0 0 0 0 0 0 0 0 0 0 0 0 0 0 0 0 0 0 0 0 0 0 0 0 0 0 0 0 0 0 0 0 0 0 0 0 0 0 0 0 0 0 0 0 0 0 0 0 0 0 0 0 0 0 0 0 0 0 0 0 0 0 0 0 0 0 0 0 0 0 0 0 0 0 0 0 0 0 0 0 0 0 0 0 0 0 0 0 0 0 0 0 0 0 0 0 0 0 0 0 0 0 0 0 0 0 0 0 0 0 0 0 0 0 0 0 0 0 0 0 0 0 0 0 0 0 0 0 0 0 0 0 0 0 0 0 0 0 0 0 0 0 0 0 0 0 0 0 0 0 0 0 0 0 0 0 0 0 0 0 0 0 0 0 0 0 0 0 0 0 0 0 0 0 0 0 0 0 0 0 0 0 0 0 0 0 0 0 0 0 0 0 0 0 0 0 0 0 0 0 0 0 0 0 0 0 0 0 0 0 0 0 0 0
e:1 1 1 1 0 1 0 0 1 0 1 0 0 0 1 1 0 0 1 0 1 1 0 0 1 0 0 0 1 0 0 0 0 0 0 0 0 0 0 1 1 1 0 1 0 0 0 0 0 1 0 0 1 1 1 1 1 1 1 1 0 0 0 0 1 1 1 0 1 0 1 0 1 1 1 0 0 0 0 1 0 1 1 0 0 1 1 1 1 0 1 1 0 1 0 1 1 1 1 0 0 1 1 0 0 1 1 0 1 0 1 1 1 0 0 0 0 0 0 1 0 1 1 0 1 1 1 1 0 1 0 0 0 1 1 1 0 1 1 0 0 0 1 0 0 1 1 0 0 0 0 1 1 1 0 1 1 1 1 0 1 1 0 1 1 0 0 0 1 1 0 0 1 0 1 1 0 1 1 0 1 0 1 1 1 0 1 1 1 0 1 1 0 0 0 0 0 1 0 1 0 0 1 1 1 0 1 0 0 1 0 1 1 1 0 1 1 0 0 0 0 1 1 1 0 0 1 1 1 1 0 0 1 1 1 0 1 1 0 0 1 0 1 1 0 1 0 0 1 0 1 0 0 0 1 0 0 0

RESULTS_SEED_1_MOD_LVL_1_MOD_STR_50
BER: 0.0
d:0 0 0 1 0 0 1 0 1 1 1 0 0 0 1 1 1 0 0 1 1 0 1 1 1 0 1 1 0 1 1 0 0 0 1 1 0 1 1 1 1 0 0 0 1 0 0 1 0 0 1 1 0 1 1 1 0 0 0 0 1 1 0 0 1 0 1 0 0 0 1 1 1 1 0 1 1 0 0 0 0 0 1 0 0 1 0 0 1 1 0 0 0 0 0 1 1 0 1 1 0 1 1 0 1 0 1 0 1 1 0 0 1 0 0 0 0 1 0 1 0 1 0 1 0 0 1 0 0 0 1 0 1 0 0 0 0 0 1 1 1 1 1 0 1 1 0 1 0 1 0 1 0 1 0 1 1 1 1 1 0 0 0 1 1 0 1 0 0 1 0 0 1 1 0 1 1 0 0 0 0 0 0 1 0 0 0 1 1 0 1 1 0 0 1 0 0 1 1 1 0 1 1 1 1 0 0 0 1 0 1 1 1 0 0 0 0 0 0 0 0 1 0 0 0 1 0 0 0 1 0 0 1 0 0 0 1 0 1 0 0 1 0 1 0 0 0 1 0 1 1 0 1 0 0 0 0 0 0 0 0 0 0 0 0 0 0 0 0 0 0 0 0 0 0 0 0 0 0 0 0 0 0 0 0 0 0 0 0 0 0 0 0 0 0 0 0 0 0 0 0 0 0 0 0 0 0 0 0 0 0 0 0 0 0 0 0 0 0 0 0 0 0 0 0 0 0 0 0 0 0 0 0 0 0 0 0 0 0 0 0 0 0 0 0 0 0 0 0 0 0 0 0 0 0 0 0 0 0 0 0 0 0 0 0 0 0 0 0 0 0 0 0 0 0 0 0 0 0 0 0 0 0 0 0 0 0 0 0 0 0 0 0 0 0 0 0 0 0 0 0 0 0 0 0 0 0 0 0 0 0 0 0 0 0 0 0 0 0 0 0 0 0 0 0 0 0 0 0 0 0 0 0 0 0 0 0 0 0 0 0 0 0 0 0 0 0 0 0 0 0 0 0 0 0 0 0 0 0 0 0 0 0 0 0 0 0 0 0 0 0 0 0 0 0 0 0 0 0 0 0 0 0 0 0 0 0 0 0 0 0 0 0 0 0 0 0 0 0 0 0 0 0 0 0 0 0 0 0 0 0 0 0 0 0 0 0 0 0 0 0 0 0 0 0 0 0 0 0 0 0 0 0 0 0 0 0 0 0 0 0 0 0 0 0 0 0 0 0 0 0 0 0 0 0 0 0 0 0 0 0 0 0 0 0 0 0 0 0 0 0 0 0 0 0 0 0 0 0 0 0 0 0 0 0 0 0 0 0 0 0
e:0 0 0 1 0 0 1 0 1 1 1 0 0 0 1 1 1 0 0 1 1 0 1 1 1 0 1 1 0 1 1 0 0 0 1 1 0 1 1 1 1 0 0 0 1 0 0 1 0 0 1 1 0 1 1 1 0 0 0 0 1 1 0 0 1 0 1 0 0 0 1 1 1 1 0 1 1 0 0 0 0 0 1 0 0 1 0 0 1 1 0 0 0 0 0 1 1 0 1 1 0 1 1 0 1 0 1 0 1 1 0 0 1 0 0 0 0 1 0 1 0 1 0 1 0 0 1 0 0 0 1 0 1 0 0 0 0 0 1 1 1 1 1 0 1 1 0 1 0 1 0 1 0 1 0 1 1 1 1 1 0 0 0 1 1 0 1 0 0 1 0 0 1 1 0 1 1 0 0 0 0 0 0 1 0 0 0 1 1 0 1 1 0 0 1 0 0 1 1 1 0 1 1 1 1 0 0 0 1 0 1 1 1 0 0 0 0 0 0 0 0 1 0 0 0 1 0 0 0 1 0 0 1 0 0 0 1 0 1 0 0 1 0 1 0 0 0 1 0 1 1 0 1 0 0 0

RESULTS_SEED_1_MOD_LVL_2_MOD_STR_50
BER: 0.002617801047120419
d:1 1 1 1 0 0 0 1 0 0 1 0 1 0 0 1 0 0 0 1 1 1 1 0 0 1 0 1 1 0 0 1 0 0 1 1 1 1 0 0 0 1 1 1 0 1 1 1 0 1 0 1 0 0 0 0 0 0 1 1 0 0 0 0 0 1 0 1 0 0 0 0 0 1 1 0 0 0 1 0 1 1 0 1 0 1 0 0 1 1 1 0 1 0 0 1 1 1 1 1 1 0 0 0 0 0 1 1 1 1 0 1 0 0 1 1 0 1 1 0 0 0 0 1 1 0 1 0 0 1 1 1 1 1 1 0 0 1 1 1 1 1 1 1 1 1 1 1 1 1 1 1 1 0 1 1 1 0 0 1 0 1 1 0 1 1 1 0 1 1 0 1 0 1 1 1 1 0 0 1 0 1 1 0 1 0 0 0 0 0 0 0 0 1 0 1 0 0 1 1 1 1 1 1 0 1 0 1 1 0 1 1 0 1 0 0 1 0 0 0 0 1 0 1 0 0 1 1 0 1 1 0 1 0 0 1 0 1 0 0 1 0 1 0 1 1 0 1 0 0 0 1 1 1 0 1 0 0 0 0 0 0 0 0 0 0 0 0 0 0 0 0 0 0 0 0 0 0 0 0 0 0 0 0 0 0 0 0 0 0 0 0 0 0 0 0 0 0 0 0 0 0 0 0 0 0 0 0 0 0 0 0 0 0 0 0 0 0 0 0 0 0 0 0 0 0 0 0 0 0 0 0 0 0 0 0 0 0 0 0 0 0 0 0 0 0 0 0 0 0 0 0 0 0 0 0 0 0 0 0 0 0 0 0 0 0 0 0 0 0 0 0 0 0 0 0 0 0 0 0 0 0 0 0 0 0 0 0 0 0 0 0 0 0 0 0 0 0 0 0 0 0 0 0 0 0 0 0 0 0 0 0 0 0 0 0 0 0 0 0 0 0 0 0 0 0 0 0 0 0 0 0 0 0 0 0 0 0 0 0 0 0 0 0 0 0 0 0 0 0 0 0 0 0 0 0 0 0 0 0 0 0 0 0 0 0 0 0 0 0 0 0 0 0 0 0 0 0 0 0 0 0 0 0 0 0 0 0 0 0 0 0 0 0 0 0 0 0 0 0 0 0 0 0 0 0 0 0 0 0 0 0 0 0 0 0 0 0 0 0 0 0 0 0 0 0 0 0 0 0 0 0 0 0 0 0 0 0 0 0 0 0 0 0 0 0 0 0 0 0 0 0 0 0 0 0 0 0 0 0 0 0 0 0 0 0 0 0 0 0 0 0 0 0 0 0 0 0 0 0 0 0 0 0 0 0 0 0 0 0 0 0 0 0 0 0 0 0 0 0 0 0 0 0 0 0 0 0 0 0 0 0 0 0 0 0 0 0 0 0 0 0 0 0 0 0 0 0 0 0 0 0 0 0 0 0 0 0 0 0 0 0 0 0 0 0 0 0 0 0 0 0 0 0 0 0 0 0 0 0 0 0 0 0 0 0 0 0 0 0 0 0 0 0 0 0 0 0 0 0 0 0 0 0 0 0 0 0 0 0 0 0 0 0 0 0 0 0 0 0 0 0 0 0 0 0 0 0 0 0 0 0 0 0 0 0 0 0 0 0 0 0 0 0 0 0 0 0 0 0 0 0 0 0 0 0 0 0 0 0 0 0 0 0 0 0 0 0 0 0 0 0 0 0 0 0 0 0 0 0 0 0 0 0 0 0 0 0 0 0 0 0 0 0 0 0 0 0 0 0 0 0 0 0 0 0 0 0 0 0 0 0 0 0 0 0 0 0 0 0 0 0 0 0 0 0 0 0 0 0 0 0 0 0 0 0 0 0 0 0 0 0 0 0 0 0 0 0 0 0 0 0 0 0 0 0 0 0 0 0 0 0 0 0 0 0 0 0 0 0 0 0 0 0 0 0 0 0 0 0 0 0 0 0 0 0 0 0 0 0 0 0 0 0 0 0 0 0 0 0 0 0 0 0 0 0 0 0 0 0 0 0 0 0 0 0 0 0 0 0 0 0 0 0 0 0 0 0 0 0 0 0 0 0 0 0 0 0 0 0 0 0 0 0 0 0 0 0 0 0 0 0 0 0 0 0 0 0 0 0 0 0 0 0 0 0 0 0 0 0 0 0 0 0 0 0 0 0 0 0 0 0 0 0 0 0 0 0 0 0 0 0 0 0 0 0 0 0 0 0 0 0 0 0 0 0 0 0 0 0 0 0 0 0 0 0 0 0 0 0 0 0 0 0 0 0 0 0 0 0 0 0 0 0 0 0 0 0 0 0 0 0 0 0 0 0 0 0 0 0 0 0 0 0 0 0 0 0 0 0 0 0 0 0 0 0 0 0 0 0 0 0 0 0 0 0 0 0 0 0 0 0 0 0 0 0 0 0 0 0 0 0 0 0 0 0 0 0 0 0 0 0 0 0 0 0 0 0 0 0 0 0 0 0 0 0 0 0 0 0 0 0 0 0 0 0 0 0 0 0 0 0 0 0 0 0 0 0 0 0 0 0 0 0 0 0 0 0 0 0 0 0 0 0 0 0 0 0 0 0 0 0 0 0 0 0
e:1 1 1 1 0 0 0 1 0 0 1 0 1 0 0 1 0 0 0 1 1 1 1 0 0 1 0 1 1 0 0 1 0 0 1 1 1 1 0 0 0 1 1 1 0 1 1 1 0 1 0 1 0 0 0 0 0 0 1 1 0 0 0 0 0 1 0 1 0 0 0 0 0 1 1 0 0 0 1 0 1 1 0 1 0 1 0 0 1 1 1 0 1 0 0 1 1 1 1 1 1 0 0 0 0 0 1 1 1 1 0 1 0 0 1 1 0 1 1 0 0 0 0 1 1 0 1 0 0 1 1 1 1 1 1 0 0 1 1 1 1 1 1 1 1 1 1 1 1 1 1 1 1 0 1 1 1 0 0 1 0 1 1 0 1 1 1 0 1 1 0 1 0 1 1 1 1 0 0 1 0 1 1 0 1 0 0 0 0 0 0 0 0 1 0 1 0 0 1 1 1 1 1 1 0 1 0 1 1 1 1 1 0 1 0 0 1 0 0 0 0 1 0 1 0 0 1 1 0 1 1 1 1 0 0 1 0 1 0 0 1 0 1 1 1 1 0 1 0 0 0 1 1 1 0 1

RESULTS_SEED_1_MOD_LVL_1_MOD_STR_3
BER: 0.038917089678511
d:0 0 1 1 1 0 0 1 0 1 0 0 0 1 1 0 0 0 1 0 0 0 0 1 1 0 0 0 1 1 0 0 0 1 0 1 1 0 0 1 1 0 0 1 0 0 1 0 0 0 1 1 0 1 1 0 0 0 0 1 1 1 1 1 0 1 1 0 1 1 1 0 1 1 0 0 1 1 0 0 0 1 1 1 0 1 1 0 0 0 1 0 1 1 0 0 1 0 1 0 0 1 0 1 0 1 1 1 1 0 1 0 1 1 0 1 1 0 0 0 0 1 0 0 1 1 0 1 1 0 1 1 0 0 1 0 1 0 1 0 1 1 0 0 1 1 0 1 0 0 0 1 1 1 1 0 1 1 1 0 1 1 0 1 1 0 1 0 0 0 1 1 1 0 0 1 1 1 1 1 1 0 1 1 0 1 1 0 1 0 0 0 0 1 1 1 1 0 0 1 0 0 1 0 0 1 0 0 1 0 1 1 0 0 1 1 0 0 0 0 0 1 1 0 1 0 0 1 0 0 1 0 1 0 1 0 0 1 1 0 0 0 1 1 0 1 1 1 1 0 0 0 0 1 1 0 0 0 0 0 1 0 0 0 0 0 0 0 0 0 0 0 0 0 0 0 0 0 0 0 0 0 0 0 0 0 0 0 0 0 0 0 0 0 0 0 0 0 0 0 0 0 0 0 0 0 0 0 0 0 0 0 0 0 0 0 0 0 0 0 0 0 0 0 0 0 0 0 0 0 0 0 0 0 0 0 0 0 0 0 0 0 0 0 0 0 0 0 0 0 0 0 0 0 0 0 0 0 0 0 0 0 0 0 0 0 0 0 0 0 0 0 0 0 0 0 0 0 0 0 0 0 0 0 0 0 0 0 0 0 0 0 0 0 0 0 0 0 0 0 0 0 0 0 0 0 0 0 0 0 0 0 0 0 0 0 0 0 0 0 0 0 0 0 0 0 0 0 0 0 0 0 0 0 0 0 0 0 0 0 0 0 0 0 0 0 0 0 0 0 0 0 0 0 0 0 0 0 0 0 0 0 0 0 0 0 0 0 0 0 0 0 0 0 0 0 0 0 0 0 0 0 0 0 0 0 0 0 0 0 0 0 0 0 0 0 0 0 0 0 0 0 0 0 0 0 0 0 0 0 0 0 0 0 0 0 0 0 0 0 0 0 0 0 0 0 0 0 0 0 0 0 0 0 0 0 0 0 0 0 0 0 0 0 0 0 0 0 0 0 0 0 0 0 0 0 0 0 0 0 0 0 0 0 0 0 0 0 0 0 0 0 0 0 0 0 0 0 0 0 0 0 0 0 0 0 0 0 0 0 0
e:0 0 1 1 1 1 0 1 0 1 0 1 0 1 1 0 0 0 1 0 0 0 0 1 1 0 0 0 1 1 0 0 0 1 0 1 1 0 1 0 1 1 0 1 0 0 1 0 0 0 1 1 1 1 1 0 0 0 0 1 1 1 1 1 0 1 1 0 1 1 1 0 1 0 1 0 1 1 0 0 0 1 1 1 0 1 1 1 0 1 1 0 1 1 1 0 1 0 1 0 0 1 0 1 0 1 1 1 1 0 1 0 1 1 0 1 1 1 0 0 0 0 0 0 1 1 0 1 1 1 1 1 0 0 0 0 1 0 1 0 1 1 0 0 1 1 0 1 0 0 0 1 1 1 1 0 1 1 1 0 1 1 0 1 1 0 1 0 0 1 1 1 1 1 0 1 1 1 1 1 1 0 1 1 0 1 1 0 1 0 0 0 0 1 1 1 1 0 0 0 0 0 1 0 0 1 0 1 1 0 1 1 0 1 0 1 0 0 0 0 0 1 1 0 1 0 0 1 0 0 1 0 1 1 1 0 0 1 1 1 0 0 1 1 0 1 1 1 1 0 0 0 0 1 1 0

RESULTS_SEED_1_MOD_LVL_2_MOD_STR_3
BER: 0.08289703315881326
d:0 0 1 0 1 0 0 0 1 1 1 1 1 0 1 0 1 0 0 0 1 1 0 0 0 0 1 0 0 0 0 0 1 0 1 0 0 0 1 1 0 0 0 0 0 0 0 0 0 0 1 0 0 0 0 0 0 0 0 0 1 1 1 0 0 0 1 0 0 0 0 0 0 1 1 0 1 0 1 0 1 0 1 0 1 1 0 0 1 0 0 0 0 0 1 0 1 1 1 0 0 0 1 0 0 1 0 1 0 0 1 1 0 0 1 0 1 0 1 0 0 0 0 0 1 1 0 0 1 0 1 0 1 0 1 1 1 1 0 0 1 1 0 1 1 0 0 0 0 1 0 0 1 1 1 1 0 0 1 0 0 0 0 1 1 0 0 0 1 0 1 0 0 0 1 1 0 0 1 1 1 0 1 1 0 0 1 1 0 0 1 1 1 0 1 0 0 0 0 1 0 0 1 0 0 0 0 0 0 0 1 0 1 0 0 1 1 1 0 0 0 1 1 0 0 0 0 1 1 1 1 1 1 0 0 0 1 1 0 0 1 1 1 1 0 0 1 0 1 0 0 0 1 0 0 0 0 0 0 0 0 0 0 0 0 0 0 0 0 0 0 0 0 0 0 0 0 0 0 0 0 0 0 0 0 0 0 0 0 0 0 0 0 0 0 0 0 0 0 0 0 0 0 0 0 0 0 0 0 0 0 0 0 0 0 0 0 0 0 0 0 0 0 0 0 0 0 0 0 0 0 0 0 0 0 0 0 0 0 0 0 0 0 0 0 0 0 0 0 0 0 0 0 0 0 0 0 0 0 0 0 0 0 0 0 0 0 0 0 0 0 0 0 0 0 0 0 0 0 0 0 0 0 0 0 0 0 0 0 0 0 0 0 0 0 0 0 0 0 0 0 0 0 0 0 0 0 0 0 0 0 0 0 0 0 0 0 0 0 0 0 0 0 0 0 0 0 0 0 0 0 0 0 0 0 0 0 0 0 0 0 0 0 0 0 0 0 0 0 0 0 0 0 0 0 0 0 0 0 0 0 0 0 0 0 0 0 0 0 0 0 0 0 0 0 0 0 0 0 0 0 0 0 0 0 0 0 0 0 0 0 0 0 0 0 0 0 0 0 0 0 0 0 0 0 0 0 0 0 0 0 0 0 0 0 0 0 0 0 0 0 0 0 0 0 0 0 0 0 0 0 0 0 0 0 0 0 0 0 0 0 0 0 0 0 0 0 0 0 0 0 0 0 0 0 0 0 0 0 0 0 0 0 0 0 0 0 0 0 0 0 0 0 0 0 0 0 0 0 0 0 0 0 0 0 0 0 0 0 0 0 0 0 0 0 0 0 0 0 0 0 0 0 0 0 0 0 0 0 0 0 0 0 0 0 0 0 0 0 0 0 0 0 0 0 0 0 0 0 0 0 0 0 0 0 0 0 0 0 0 0 0 0 0 0 0 0 0 0 0 0 0 0 0 0 0 0 0 0 0 0 0 0 0 0 0 0 0 0 0 0 0 0 0 0 0 0 0 0 0 0 0 0 0 0 0 0 0 0 0 0 0 0 0 0 0 0 0 0 0 0 0 0 0 0 0 0 0 0 0 0 0 0 0 0 0 0 0 0 0 0 0 0 0 0 0 0 0 0 0 0 0 0 0 0 0 0 0 0 0 0 0 0 0 0 0 0 0 0 0 0 0 0 0 0 0 0 0 0 0 0 0 0 0 0 0 0 0 0 0 0 0 0 0 0 0 0 0 0 0 0 0 0 0 0 0 0 0 0 0 0 0 0 0 0 0 0 0 0 0 0 0 0 0 0 0 0 0 0 0 0 0 0 0 0 0 0 0 0 0 0 0 0 0 0 0 0 0 0 0 0 0 0 0 0 0 0 0 0 0 0 0 0 0 0 0 0 0 0 0 0 0 0 0 0 0 0 0 0 0 0 0 0 0 0 0 0 0 0 0 0 0 0 0 0 0 0 0 0 0 0 0 0 0 0 0 0 0 0 0 0 0 0 0 0 0 0 0 0 0 0 0 0 0 0 0 0 0 0 0 0 0 0 0 0 0 0 0 0 0 0 0 0 0 0 0 0 0 0 0 0 0 0 0 0 0 0 0 0 0 0 0 0 0 0 0 0 0 0 0 0 0 0 0 0 0 0 0 0 0 0 0 0 0 0 0 0 0 0 0 0 0 0 0 0 0 0 0 0 0 0 0 0 0 0 0 0 0 0 0 0 0 0 0 0 0 0 0 0 0 0 0 0 0 0 0 0 0 0 0 0 0 0 0 0 0 0 0 0 0 0 0 0 0 0 0 0 0 0 0 0 0 0 0 0 0 0 0 0 0 0 0 0 0 0 0 0 0 0 0 0 0 0 0 0 0 0 0 0 0 0 0 0 0 0 0 0 0 0 0 0 0 0 0 0 0 0 0 0 0 0 0 0 0 0 0 0 0 0 0 0 0 0 0 0 0 0 0 0 0 0 0 0 0 0 0 0 0 0 0 0 0 0 0 0 0 0 0 0 0 0 0 0 0 0 0 0 0 0 0 0 0 0 0 0 0 0 0 0 0 0 0 0 0 0 0
e:0 1 1 1 0 1 0 1 1 1 1 0 0 1 0 1 1 0 1 0 1 1 0 0 0 0 1 0 0 0 0 0 0 1 1 0 1 0 1 1 0 0 0 0 0 0 0 1 0 0 1 0 0 0 0 0 0 0 0 0 1 0 0 1 0 1 0 1 0 0 0 1 1 0 0 1 1 0 1 0 1 1 0 1 1 1 1 0 0 0 0 0 0 0 0 1 1 1 0 1 0 1 1 1 1 0 1 0 1 0 1 1 0 0 1 0 0 1 0 1 0 0 0 0 0 1 0 1 1 0 1 0 0 1 1 1 1 1 0 1 1 1 1 0 0 1 0 1 1 0 0 1 1 1 1 1 0 0 0 1 1 1 1 0 0 1 0 0 0 1 1 0 0 1 1 1 0 0 1 0 1 0 1 1 0 1 1 0 0 0 1 1 0 1 1 1 0 1 1 0 0 0 0 1 0 0 0 0 0 0 0 1 1 1 1 1 1 1 0 0 1 0 1 0 0 0 1 0 1 1 1 1 0 1 0 1 1 1 0 0 1 1 1 0 0 0 1 0 1 0 0 0 0 1 0 0

RESULTS_SEED_1_MOD_LVL_3_MOD_STR_3
BER: 0.048417132216014895
d:1 1 1 1 1 1 0 1 0 1 1 1 0 0 1 1 0 1 0 0 1 0 0 0 1 0 0 0 0 1 0 1 0 1 1 1 1 1 1 0 1 1 0 1 0 1 0 0 1 1 1 1 1 0 1 0 1 1 1 0 0 1 0 0 1 0 1 1 1 1 0 0 1 1 0 0 0 0 0 1 1 1 0 1 0 0 0 1 1 1 0 1 0 0 1 0 0 0 1 1 1 0 0 1 1 0 1 1 0 0 0 0 1 0 0 0 1 0 0 0 0 1 0 1 1 1 1 1 1 0 1 1 0 1 1 0 1 0 0 1 0 0 1 0 0 1 1 1 0 0 0 1 1 1 0 1 0 1 1 1 0 0 1 1 1 0 0 1 1 0 0 0 1 1 0 1 1 0 0 1 0 1 1 1 1 1 0 1 1 1 1 1 0 0 0 0 1 1 1 1 1 1 0 1 1 1 1 0 0 0 1 1 0 0 1 0 0 1 0 0 0 0 0 1 1 1 1 1 1 0 0 1 1 0 0 1 1 1 1 0 1 0 1 0 0 0 0 1 1 0 1 1 0 0 1 0 0 0 0 0 1 0 0 1 0 0 0 0 0 1 0 0 0 0 0 0 0 0 0 0 0 0 0 0 0 0 0 0 0 0 0 0 0 0 0 0 0 0 0 0 0 0 0 0 0 0 0 0 0 0 0 0 0 0 0 0 0 0 0 0 0 0 0 0 0 0 0 0 0 0 0 0 0 0 0 0 0 0 0 0 0 0 0 0 0 0 0 0 0 0 0 0 0 0 0 0 0 0 0 0 0 0 1 0 0 0 0 0 0 0 0 0 0 0 0 0 0 0 0 0 0 0 0 0 0 0 0 0 0 0 0 0 0 0 0 0 0 0 0 0 0 0 0 0 0 0 0 0 0 0 0 0 0 0 0 0 0 0 0 0 0 0 0 0 0 0 0 0 0 0 0 0 0 0 0 0 0 0 0 0 0 0 0 0 0 0 0 0 0 0 0 0 0 0 0 0 0 0 0 0 0 0 0 0 0 0 0 0 0 0 0 0 0 0 0 0 0 0 0 0 0 0 0 0 0 0 0 0 0 0 0 0 0 0 0 0 0 0 0 0 0 0 0 0 0 0 0 0 0 0 0 0 0 0 0 0 0 0 0 0 0 0 0 0 0 0 0 0 0 0 0 0 0 0 0 0 0 0 0 0 0 0 0 0 0 0 0 0 0 0 0 0 0 0 0 0 0 0 0 0 0 0 0 0 0 0 0 0 0 0 0 0 0 0 0 0 0 0 0 0 0 0 0 0 0 0 0 0 0 0 0 0 0 0 0 0 0 0 0 0 0 0 0 0 0 0 0 0 0 0 0 0 0 0 0 0 0 0 0 0 0 0 0 0 0 0 0 0 0 0 0 0 0 0 0 0 0 0 0 0 0 0 0 0 0 0 0 0 0 0 0 0 0 0 0 0 0 0 0 0 0 0 0 0 0 0 0 0 0 0 0 0 0 0 0 0 0 0 0 0 0 0 0 0 0 0 0 0 0 0 0 0 0 0 0 0 0 0 0 0 0 0 0 0 0 0 0 0 0 0 0 0 0 0 0 0 0 0 0 0 0 0 0 0 0 0 0 0 0 0 0 0 0 0 0 0 0 0 0 0 0 0 0 0 0 0 0 0 0 0 0 0 0 0 0 0 0 0 0 0 0 0 0 0 0 0 0 0 0 0 0 0 0 0 0 0 0 0 0 0 0 0 0 0 0 0 0 0 0 0 0 0 0 0 0 0 0 0 0 0 0 0 0 0 0 0 0 0 0 0 0 0 0 0 0 0 0 0 0 0 0 0 0 0 0 0 0 0 0 0 0 0 0 0 0 0 0 0 0 0 0 0 0 0 0 0 0 0 0 0 0 0 0 0 0 0 0 0 0 0 0 0 0 0 0 0 0 0 0 0 0 0 0 0 0 0 0 0 0 0 0 0 0 0 0 0 0 0 0 0 0 0 0 0 0 0 0 0 0 0 0 0 0 0 0 0 0 0 0 0 0 0 0 0 0 0 0 0 0 0 0 0 0 0 0 0 0 0 0 0 0 0 0 0 0 0 0 0 0 0 0 0 0 0 0 0 0 0 0 0 0 0 0 0 0 0 0 0 0 0 0 0 0 0 0 0 0 0 0 0 0 0 0 0 0 0 0 0 0 0 0 0 0 0 0 0 0 0 0 0 0 0 0 0 0 0 0 0 0 0 0 0 0 0 0 0 0 0 0 0 0 0 0 0 0 0 0 0 0 0 0 0 0 0 0 0 0 0 0 0 0 0 0 0 0 0 0 0 0 0 0 0 0 0 0 0 0 0 0 0 0 0 0 0 0 0 0 0 0 0 0 0 0 0 0 0 0 0 0 0 0 0 0 0 0 0 0 0 0 0 0 0 0 0 0 0 0 0 0 0 0 0 0 0 0 0 0 0 0 0 0 0 0 0 0 0 0 0 0 0 0 0 0 0 0 0 0 0 0 0 0 0 0 0 0 0 0 0 0 0 0 0 0 0 0 0 0 0 0 0 0 0 0 0 0 0 0 0 0 0 0 0 0 0 0 0 0 0 0 0 0 0 0 0 0 0 0 0 0 0 0 0 0 0 0 0 0 0 0 0 0 0 0 0 0 0 0 0 0 0 0 0 0 0 0 0 0 0 0 0 0 0 0 0 0 0 0 0 0 0 0 0 0 0 0 0 0 0 0 0 0 0 0 0 0 0 0 0 0 0 0 0 0 0 0 0 0 0 0 0 0 0 0 0 0 0 0 0 0 0 0 0 0 0 0 0 0 0 0 0 0 0 0 0 0 0 0 0 0 0 0 0 0 0 0 0 0 0 0 0 0 0 0 0 0 0 0 0 0 0 0 0 0 0 0 0 0 0 0 0 0 0 0 0 0 0 0 0 0 0 0 0 0 0 0 0 0 0 0 0 0 0 0 0 0 0 0 0 0 0 0 0 0 0 0 0 0 0 0 0 0 0 0 0 0 0 0 0 0 0 0 0 0 0 0 0 0 0 0 0 0 0 0 0 0 0 0 0 0 0 0 0 0 0 0 0 0 0 0 0 0 0 0 0 0 0 0 0 0 0 0 0 0 0 0 0 0 0 0 0 0 0 0 0 0 0 0 0 0 0 0 0 0 0 0 0 0 0 0 0 0 0 0 0 0 0 0 0 0 0 0 0 0 0 0 0 0 0 0 0 0 0 0 0 0 0 0 0 0 0 0 0 0 0 0 0 0 0 0 0 0 0 0 0 0 0 0 0 0 0 0 0 0 0 0 0 0 0 0 0 0 0 0 0 0 0 0 0 0 0 0 0 0 0 0 0 0 0 0 0 0 0 0 0 0 0 0 0 0 0 0 0 0 0 0 0 0 0 0 0 0 0 0 0 0 0 0 0 0 0 0 0 0 0 0 0 0 0 0 0 0 0 0 0 0 0 0 0 0 0 0 0 0 0 0 0 0 0 0 0 0 0 0 0 0 0 0 0 0 0 0 0 0 0 0 0 0 0 0 0 0 0 0 0 0 0 0 0 0 0 0 0 0 0 0 0 0 0 0 0 0 0 0 0 0 0 0 0 0 0 0
e:1 0 1 1 1 1 0 1 0 1 1 1 0 0 0 1 0 0 0 0 1 0 0 0 1 0 1 0 0 1 0 1 1 1 1 0 1 1 1 0 1 1 0 1 1 1 0 1 1 1 1 0 1 1 1 0 0 1 1 1 0 1 0 0 0 1 1 1 1 0 1 1 1 0 0 0 0 0 0 1 1 1 1 0 0 0 0 1 1 1 0 0 1 0 1 1 0 0 0 0 1 1 1 0 0 1 1 0 0 0 0 0 1 0 0 0 0 0 0 0 0 1 0 1 1 1 1 1 1 0 1 1 0 1 1 0 1 1 0 0 1 0 1 1 0 1 0 1 1 1 1 0 1 1 0 0 1 0 1 0 1 1 1 1 1 0 0 1 1 1 0 0 1 1 1 0 1 0 0 1 1 0 0 1 1 1 1 0 0 1 0 1 0 0 0 0 1 0 1 1 0 1 0 0 1 0 1 0 0 0 1 1 0 0 1 0 0 0 0 0 0 0 0 1 1 1 1 0 1 1 0 1 0 1 1 0 0 1 0 1 1 1 0 0 0 0 1 0 1 1 0 0 0 0 1 0 0 0

RESULTS_SEED_1_MOD_LVL_1_MOD_STR_6
BER: 0.018612521150592216
d:1 0 0 0 1 0 0 1 1 1 1 1 0 0 1 0 0 0 1 1 0 0 0 0 0 0 0 0 1 1 1 1 0 0 0 1 0 1 1 0 0 0 1 0 1 0 1 0 0 1 0 0 0 0 0 1 1 1 1 1 0 1 0 0 0 1 1 1 0 0 0 1 0 0 1 1 0 0 0 0 1 1 1 0 0 1 0 0 0 1 1 1 1 1 0 1 0 1 0 1 1 1 0 0 1 1 0 1 0 1 0 0 0 0 1 0 1 0 0 0 0 0 0 0 1 1 0 1 0 0 0 1 0 1 0 1 0 0 0 1 0 0 1 0 1 0 0 0 1 1 0 0 0 0 0 0 0 1 0 1 0 0 0 1 0 0 1 1 1 1 0 1 1 0 0 0 0 0 0 0 1 0 1 1 0 0 0 0 1 1 1 1 0 1 1 0 0 0 0 0 1 1 1 1 1 1 1 0 1 1 0 0 0 0 1 0 1 1 1 0 1 1 0 1 1 0 1 0 1 0 1 1 1 0 1 1 0 0 1 0 1 1 0 0 1 1 0 1 1 1 1 1 1 1 0 1 0 0 0 0 0 0 0 0 0 0 0 0 0 0 0 0 0 0 0 0 0 0 0 0 0 0 0 0 0 0 0 0 0 0 0 0 0 0 0 0 0 0 0 0 0 0 0 0 0 0 0 0 0 0 0 0 0 0 0 0 0 0 0 0 0 0 0 0 0 0 0 0 0 0 0 0 0 0 0 0 0 0 0 0 0 0 0 0 0 0 0 0 0 0 0 0 0 0 0 0 0 0 0 0 0 0 0 0 0 0 0 0 0 0 0 0 0 0 0 0 0 0 0 0 0 0 0 0 0 0 0 0 0 0 0 0 0 0 0 0 0 0 0 0 0 0 0 0 0 0 0 0 0 0 0 0 0 0 0 0 0 0 0 0 0 0 0 0 0 0 0 0 0 0 0 0 0 0 0 0 0 0 0 0 0 0 0 0 0 0 0 0 0 0 0 0 0 0 0 0 0 0 0 0 0 0 0 0 0 0 0 0 0 0 0 0 0 0 0 0 0 0 0 0 0 0 0 0 0 0 0 0 0 0 0 0 0 0 0 0 0 0 0 0 0 0 0 0 0 0 0 0 0 0 0 0 0 0 0 0 0 0 0 0 0 0 0 0 0 0 0 0 0 0 0 0 0 0 0 0 0 0 0 0 0 0 0 0 0 0 0 0 0 0 0 0 0 0 0 0 0 0 0 0 0 0 0 0 0 0 0 0 0 0 0 0 0 0 0 0 0 0 0 0 0 0 0 0 0 0 0 0 0 0 0
e:1 0 0 0 1 0 0 1 1 1 1 1 0 0 1 0 0 0 1 1 0 0 0 0 0 0 0 0 1 1 1 1 0 0 0 1 0 1 1 1 0 0 1 1 1 0 1 0 0 1 0 0 0 0 0 1 1 1 1 0 0 1 0 0 0 1 1 1 0 0 0 1 0 0 1 1 0 0 0 0 1 1 1 0 0 1 0 0 0 1 1 1 1 1 0 1 0 1 0 1 1 1 0 0 1 1 1 1 0 1 0 0 0 1 1 0 1 0 0 0 0 0 0 0 1 1 0 1 0 0 0 1 0 1 0 1 0 1 0 1 0 0 1 0 1 0 0 0 1 1 0 0 0 0 0 0 0 1 1 1 0 0 0 1 0 0 1 1 1 1 0 1 1 0 0 0 0 0 0 1 1 0 1 1 1 0 0 0 1 1 1 1 0 1 1 0 0 0 0 0 1 1 1 1 1 1 1 0 1 1 0 0 0 0 1 0 1 1 1 0 1 1 0 1 1 0 1 1 1 0 1 1 1 1 1 1 0 0 1 0 1 1 0 0 1 1 0 1 1 1 1 1 1 1 0 1

RESULTS_SEED_1_MOD_LVL_2_MOD_STR_6
BER: 0.04013961605584642
d:0 1 1 1 0 0 0 1 0 1 1 0 0 1 0 1 1 1 0 0 1 0 0 0 0 1 0 0 0 0 1 1 0 0 0 0 0 0 1 1 0 0 1 1 0 0 0 1 0 0 1 0 1 0 0 0 0 1 0 0 0 0 0 0 0 1 1 0 0 1 0 0 1 0 1 0 1 0 0 1 1 0 1 0 0 1 0 1 1 0 0 0 1 1 1 0 1 1 0 1 1 0 1 0 1 0 1 1 0 1 1 0 0 0 1 1 0 0 1 0 0 1 0 0 0 0 0 1 1 1 1 0 1 0 1 0 1 0 1 0 1 1 0 1 0 1 0 0 1 0 0 1 0 0 0 1 0 1 1 0 1 1 0 0 0 1 0 0 0 0 1 1 0 1 0 0 1 0 0 1 1 0 1 1 1 0 0 1 1 1 0 1 1 0 1 0 1 0 0 0 0 1 1 1 1 0 0 1 0 1 0 0 1 0 0 1 1 0 0 1 0 0 0 0 1 0 0 0 0 0 1 1 1 0 1 0 1 0 1 1 0 0 0 0 1 1 0 1 0 1 0 0 0 0 1 1 0 0 0 0 0 0 0 1 0 0 0 0 0 0 0 0 0 0 0 0 0 0 0 0 0 0 0 0 0 0 0 0 0 0 0 0 0 0 0 0 0 0 0 0 0 0 0 0 0 0 0 0 0 0 0 0 0 0 0 0 0 0 0 0 0 0 0 0 0 0 0 0 0 0 0 0 0 0 0 0 0 0 0 0 0 0 0 0 0 0 0 0 0 0 0 0 0 0 0 0 0 0 0 0 0 0 0 0 0 0 0 0 0 0 0 0 0 0 0 0 0 0 0 0 0 0 0 0 0 0 0 0 0 0 0 0 0 0 0 0 0 0 0 0 0 0 0 0 0 0 0 0 0 0 0 0 0 0 0 0 0 0 0 0 0 0 0 0 0 0 0 0 0 0 0 0 0 0 0 0 0 0 0 0 0 0 0 0 0 0 0 0 0 0 0 0 0 0 0 0 0 0 0 0 0 0 0 0 0 0 0 0 0 0 0 0 0 0 0 0 0 0 0 0 0 0 0 0 0 0 0 0 0 0 0 0 0 0 0 0 0 0 0 0 0 0 0 0 0 0 0 0 0 0 0 0 0 0 0 0 0 0 0 0 0 0 0 0 0 0 0 0 0 0 0 0 0 0 0 0 0 0 0 0 0 0 0 0 0 0 0 0 0 0 0 0 0 0 0 0 0 0 0 0 0 0 0 0 0 0 0 0 0 0 0 0 0 0 0 0 0 0 0 0 0 0 0 0 0 0 0 0 0 0 0 0 0 0 0 0 0 0 0 0 0 0 0 0 0 0 0 0 0 0 0 0 0 0 0 0 0 0 0 0 0 0 0 0 0 0 0 0 0 0 0 0 0 0 0 0 0 0 0 0 0 0 0 0 0 0 0 0 0 0 0 0 0 0 0 0 0 0 0 0 0 0 0 0 0 0 0 0 0 0 0 0 0 0 0 0 0 0 0 0 0 0 0 0 0 0 0 0 0 0 0 0 0 0 0 0 0 0 0 0 0 0 0 0 0 0 0 0 0 0 0 0 0 0 0 0 0 0 0 0 0 0 0 0 0 0 0 0 0 0 0 0 0 0 0 0 0 0 0 0 0 0 0 0 0 0 0 0 0 0 0 0 0 0 0 0 0 0 0 0 0 0 0 0 0 0 0 0 0 0 0 0 0 0 0 0 0 0 0 0 0 0 0 0 0 0 0 0 0 0 0 0 0 0 0 0 0 0 0 0 0 0 0 0 0 0 0 0 0 0 0 0 0 0 0 0 0 0 0 0 0 0 0 0 0 0 0 0 0 0 0 0 0 0 0 0 0 0 0 0 0 0 0 0 0 0 0 0 0 0 0 0 0 0 0 0 0 0 0 0 0 0 0 0 0 0 0 0 0 0 0 0 0 0 0 0 0 0 0 0 0 0 0 0 0 0 0 0 0 0 0 0 0 0 0 0 0 0 0 0 0 0 0 0 0 0 0 0 0 0 0 0 0 0 0 0 0 0 0 0 0 0 0 0 0 0 0 0 0 0 0 0 0 0 0 0 0 0 0 0 0 0 0 0 0 0 0 0 0 0 0 0 0 0 0 0 0 0 0 0 0 0 0 0 0 0 0 0 0 0 0 0 0 0 0 0 0 0 0 0 0 0 0 0 0 0 0 0 0 0 0 0 0 0 0 0 0 0 0 0 0 0 0 0 0 0 0 0 0 0 0 0 0 0 0 0 0 0 0 0 0 0 0 0 0 0 0 0 0 0 0 0 0 0 0 0 0 0 0 0 0 0 0 0 0 0 0 0 0 0 0 0 0 0 0 0 0 0 0 0 0 0 0 0 0 0 0 0 0 0 0 0 0 0 0 0 0 0 0 0 0 0 0 0 0 0 0 0 0 0 0 0 0 0 0 0 0 0 0 0 0 0 0 0 0 0 0 0 0 0 0 0 0 0 0 0 0 0 0 0 0 0 0 0 0 0 0 0 0 0 0 0 0 0 0 0 0 0 0 0 0 0 0 0 0 0
e:0 1 1 1 0 0 0 1 0 0 1 1 0 1 0 1 1 1 0 0 1 1 0 0 0 1 0 0 0 0 1 0 0 0 0 0 0 0 1 1 0 1 1 1 0 0 0 1 0 1 1 0 1 0 0 0 0 1 0 0 0 0 0 0 0 1 1 1 0 0 0 0 0 1 1 0 1 0 0 1 1 0 0 1 0 1 0 1 1 0 0 0 1 1 0 1 1 1 0 1 1 0 0 1 1 1 1 1 0 1 1 0 0 0 1 1 0 1 1 0 0 1 0 0 0 0 1 0 1 0 1 0 1 0 1 0 0 1 1 0 1 0 0 1 0 1 0 0 1 0 0 1 0 0 0 1 1 0 1 0 1 1 0 1 0 1 0 0 0 0 1 1 0 1 0 0 0 1 0 1 1 1 1 0 1 1 0 1 1 1 0 1 1 0 1 1 0 1 0 0 0 1 1 1 1 0 0 1 0 1 0 0 0 1 1 0 1 0 0 1 0 0 0 0 1 0 0 0 0 1 1 1 1 0 1 0 0 1 1 1 0 1 0 0 1 1 0 1 1 0 0 0 0 0 1 0

RESULTS_SEED_1_MOD_LVL_3_MOD_STR_6
BER: 0.04407200496585972
d:1 0 1 0 0 1 1 0 1 0 0 1 1 0 1 1 0 1 1 1 0 1 1 1 1 0 0 0 0 1 0 0 1 1 1 1 1 0 1 1 0 0 0 1 0 0 1 0 1 1 1 0 1 0 1 0 0 1 1 1 0 1 1 0 0 1 0 0 1 0 0 0 1 1 1 0 1 1 0 1 1 1 0 0 0 1 1 0 0 1 0 0 1 1 0 1 1 0 0 0 0 1 0 0 0 0 0 0 0 0 0 0 1 1 1 0 1 0 0 1 1 1 0 0 1 0 0 1 0 1 1 1 0 0 0 1 0 0 1 1 1 0 0 1 0 0 1 0 1 1 0 0 0 0 1 0 0 1 1 0 1 0 0 0 1 1 0 1 0 0 1 0 1 0 0 0 1 1 0 1 1 1 0 1 0 0 1 1 0 0 1 0 1 0 0 1 1 1 1 0 1 0 0 0 0 1 1 1 0 1 0 0 1 0 1 1 1 1 0 0 1 0 0 0 0 0 0 0 0 0 1 1 0 1 1 1 0 1 0 0 0 0 1 1 1 1 0 0 1 0 0 1 1 1 0 1 0 1 0 0 1 0 0 0 0 0 0 0 0 1 0 0 0 0 0 0 0 0 0 0 0 0 0 0 0 0 0 0 0 0 0 0 0 0 0 0 0 0 0 0 0 0 0 0 0 0 0 0 0 0 0 0 0 0 0 0 0 0 0 0 0 0 0 0 0 0 0 0 0 0 0 0 0 0 0 0 0 0 0 0 0 0 0 0 0 0 0 0 0 0 0 0 0 0 0 0 0 0 0 0 0 0 0 0 0 0 0 0 0 0 0 0 0 0 0 0 0 0 0 0 0 0 0 0 0 0 0 0 0 0 0 0 0 0 0 0 0 0 0 0 0 0 0 0 0 0 0 0 0 0 0 0 0 0 0 0 0 0 0 0 0 0 0 0 0 0 0 0 0 0 0 0 0 0 0 0 0 0 0 0 0 0 0 0 0 0 0 0 0 0 0 0 0 0 0 0 0 0 0 0 0 0 0 0 0 0 0 0 0 0 0 0 0 0 0 0 0 0 0 0 0 0 0 0 0 0 0 0 0 0 0 0 0 0 0 0 0 0 0 0 0 0 0 0 0 0 0 0 0 0 0 0 0 0 0 0 0 0 0 0 0 0 0 0 0 0 0 0 0 0 0 0 0 0 0 0 0 0 0 0 0 0 0 0 0 0 0 0 0 0 0 0 0 0 0 0 0 0 0 0 0 0 0 0 0 0 0 0 0 0 0 0 0 0 0 0 0 0 0 0 0 0 0 0 0 0 0 0 0 0 0 0 0 0 0 0 0 0 0 0 0 0 0 0 0 0 0 0 0 0 0 0 0 0 0 0 0 0 0 0 0 0 0 0 0 0 0 0 0 0 0 0 0 0 0 0 0 0 0 0 0 0 0 0 0 0 0 0 0 0 0 0 0 0 0 0 0 0 0 0 0 0 0 0 0 0 0 0 0 0 0 0 0 0 0 0 0 0 0 0 0 0 0 0 0 0 0 0 0 0 0 0 0 0 0 0 0 0 0 0 0 0 0 0 0 0 0 0 0 0 0 0 0 0 0 0 0 0 0 0 0 0 0 0 0 0 0 0 0 0 0 0 0 0 0 0 0 0 0 0 0 0 0 0 0 0 0 0 0 0 0 0 0 0 0 0 0 0 0 0 0 0 0 0 0 0 0 0 0 0 0 0 0 0 0 0 0 0 0 0 0 0 0 0 0 0 0 0 0 0 0 0 0 0 0 0 0 0 0 0 0 0 0 0 0 0 0 0 0 0 0 0 0 0 0 0 0 0 0 0 0 0 0 0 0 0 0 0 0 0 0 0 0 0 0 0 0 0 0 0 0 0 0 0 0 0 0 0 0 0 0 0 0 0 0 0 0 0 0 0 0 0 0 0 0 0 0 0 0 0 0 0 0 0 0 0 0 0 0 0 0 0 0 0 0 0 0 0 0 0 0 0 0 0 0 0 0 0 0 0 0 0 0 0 0 0 0 0 0 0 0 0 0 0 0 0 0 0 0 0 0 0 0 0 0 0 0 0 0 0 0 0 0 0 0 0 0 0 0 0 0 0 0 0 0 0 0 0 0 0 0 0 0 0 0 0 0 0 0 0 0 0 0 0 0 0 0 0 0 0 0 0 0 0 0 0 0 0 0 0 0 0 0 0 0 0 0 0 0 0 0 0 0 0 0 0 0 0 0 0 0 0 0 0 0 0 0 0 0 0 0 0 0 0 0 0 0 0 0 0 0 0 0 0 0 0 0 0 0 0 0 0 0 0 0 0 0 0 0 0 0 0 0 0 0 0 0 0 0 0 0 0 0 0 0 0 0 0 0 0 0 0 0 0 0 0 0 0 0 0 0 0 0 0 0 0 0 0 0 0 0 0 0 0 0 0 0 0 0 0 0 0 0 0 0 0 0 0 0 0 0 0 0 0 0 0 0 0 0 0 0 0 0 0 0 0 0 0 0 0 0 0 0 0 0 0 0 0 0 0 0 0 0 0 0 0 0 0 0 0 0 0 0 0 0 0 0 0 0 0 0 0 0 0 0 0 0 0 0 0 0 0 0 0 0 0 0 0 0 0 0 0 0 0 0 0 0 0 0 0 0 0 0 0 0 0 0 0 0 0 0 0 0 0 0 0 0 0 0 0 0 0 0 0 0 0 0 0 0 0 0 0 0 0 0 0 0 0 0 0 0 0 0 0 0 0 0 0 0 0 0 0 0 0 0 0 0 0 0 0 0 0 0 0 0 0 0 0 0 0 0 0 0 0 0 0 0 0 0 0 0 0 0 0 0 0 0 0 0 0 0 0 0 0 0 0 0 0 0 0 0 0 0 0 0 0 0 0 0 0 0 0 0 0 0 0 0 0 0 0 0 0 0 0 0 0 0 0 0 0 0 0 0 0 0 0 0 0 0 0 0 0 0 0 0 0 0 0 0 0 0 0 0 0 0 0 0 0 0 0 0 0 0 0 0 0 0 0 0 0 0 0 0 0 0 0 0 0 0 0 0 0 0 0 0 0 0 0 0 0 0 0 0 0 0 0 0 0 0 0 0 0 0 0 0 0 0 0 0 0 0 0 0 0 0 0 0 0 0 0 0 0 0 0 0 0 0 0 0 0 0 0 0 0 0 0 0 0 0 0 0 0 0 0 0 0 0 0 0 0 0 0 0 0 0 0 0 0 0 0 0 0 0 0 0 0 0 0 0 0 0 0 0 0 0 0 0 0 0 0 0 0 0 0 0 0 0 0 0 0 0 0 0 0 0 0 0 0 0 0 0 0 0 0 0 0 0 0 0 0 0 0 0 0 0 0 0 0 0 0 0 0 0 0 0 0 0 0 0 0 0 0 0 0 0 0 0 0 0 0 0 0 0 0 0 0 0 0 0 0 0 0 0 0 0 0 0 0 0 0 0 0 0 0 0 0 0 0 0 0 0 0 0 0 0 0 0 0 0 0 0 0 0 0 0 0 0 0 0 0 0 0 0 0 0 0 0 0 0 0 0 0 0 0 0 0 0 0 0 0 0 0 0 0 0 0 0 0 0 0 0 0 0 0 0 0 0 0 0 0 0
e:1 0 1 0 1 0 1 0 1 0 0 1 1 1 1 1 0 0 1 1 1 1 1 1 1 0 0 0 1 0 0 1 0 1 1 1 1 1 0 1 0 1 0 1 0 0 0 1 1 1 0 0 1 0 1 1 0 1 1 1 1 0 0 0 0 1 0 0 0 0 0 0 1 1 1 1 0 0 1 0 0 1 0 0 0 1 1 0 0 1 0 0 1 1 0 1 1 0 0 0 0 1 0 0 0 0 0 0 0 0 0 0 1 1 1 1 0 0 1 0 1 1 0 0 1 0 0 1 0 1 1 0 0 0 1 1 0 0 1 1 1 0 1 0 0 0 1 0 1 0 0 0 1 0 0 1 0 1 0 1 0 0 0 1 0 1 1 0 0 0 1 0 1 1 0 0 0 1 0 1 1 1 1 0 1 1 1 1 1 1 0 0 1 0 0 1 1 1 1 0 0 0 0 0 1 0 1 1 0 0 0 0 1 1 0 0 1 1 0 0 0 1 0 0 0 0 0 0 0 0 1 1 1 1 1 1 1 1 0 0 0 0 1 1 1 0 0 1 0 0 0 0 1 1 1 1 0 0

RESULTS_SEED_1_MOD_LVL_1_MOD_STR_9
BER: 0.02707275803722504
d:1 1 0 1 1 1 0 1 1 0 0 0 0 1 1 0 1 1 1 0 1 1 0 0 0 1 1 0 1 1 1 0 0 1 0 0 0 1 1 1 0 0 0 0 0 1 0 0 0 1 0 0 1 0 0 1 1 1 1 0 1 1 1 1 0 1 0 0 1 0 0 0 1 0 1 0 0 0 0 1 1 0 1 1 0 1 1 1 0 1 1 0 1 1 0 0 0 1 0 1 0 1 1 0 1 1 1 0 0 0 1 0 0 0 0 0 0 0 1 1 1 1 1 1 0 1 1 0 0 0 0 0 0 1 0 0 0 0 0 0 1 0 0 0 1 0 1 0 0 1 1 0 0 1 0 0 0 0 1 0 1 0 0 0 0 1 1 1 0 0 1 1 0 1 0 0 0 1 0 0 1 0 0 1 0 0 0 0 1 0 1 0 1 0 0 1 0 1 0 0 0 1 0 0 0 1 1 1 0 1 1 0 0 0 1 0 0 0 1 0 0 1 1 1 0 1 0 0 0 0 0 0 0 0 1 0 0 1 1 0 1 1 0 0 1 0 0 0 0 0 0 1 0 1 0 0 0 0 0 0 0 0 0 0 0 0 0 0 0 0 0 0 0 0 0 0 0 0 0 0 0 0 0 0 0 0 0 0 0 0 0 0 0 0 0 0 0 0 0 0 0 0 0 0 0 0 0 0 0 0 0 0 0 0 0 0 0 0 0 0 0 0 0 0 0 0 0 0 0 0 0 0 0 0 0 0 0 0 0 0 0 0 0 0 0 0 0 0 0 0 0 0 0 0 0 0 0 0 0 0 0 0 0 0 0 0 0 0 0 0 0 0 0 0 0 0 0 0 0 0 0 0 0 0 0 0 0 0 0 0 0 0 0 0 0 0 0 0 0 0 0 0 0 0 0 0 0 0 0 0 0 0 0 0 0 0 0 0 0 0 0 0 0 0 0 0 0 0 0 0 0 0 0 0 0 0 0 0 0 0 0 0 0 0 0 0 0 0 0 0 0 0 0 0 0 0 0 0 0 0 0 0 0 0 0 0 0 0 0 0 0 0 0 0 0 0 0 0 0 0 0 0 0 0 0 0 0 0 0 0 0 0 0 0 0 0 0 0 0 0 0 0 0 0 0 0 0 0 0 0 0 0 0 0 0 0 0 0 0 0 0 0 0 0 0 0 0 0 0 0 0 0 0 0 0 0 0 0 0 0 0 0 0 0 0 0 0 0 0 0 0 0 0 0 0 0 0 0 0 0 0 0 0 0 0 0 0 0 0 0 0 0 0 0 0 0 0 0 0 0 0 0 0 0 0 0 0 0 0 0 0
e:1 1 1 1 1 1 0 1 1 0 0 0 0 1 1 1 1 1 1 0 1 1 0 0 0 1 1 0 1 1 1 0 0 1 0 0 0 1 1 1 0 0 0 0 0 1 0 0 0 1 0 0 1 0 0 1 1 1 1 0 1 1 1 1 0 1 0 0 1 0 0 0 1 0 1 0 0 0 0 1 1 1 1 1 0 1 1 1 0 1 1 1 1 1 0 1 0 1 0 1 0 1 0 0 1 1 1 0 0 0 1 0 0 0 0 0 0 0 1 1 1 1 1 1 0 1 1 0 0 0 1 0 0 1 0 0 0 0 0 0 1 0 0 0 1 0 1 0 1 1 1 0 0 1 1 0 0 0 1 0 1 0 0 0 0 1 1 1 0 0 1 1 0 1 0 0 0 1 0 1 1 0 0 1 0 0 0 1 1 1 1 0 1 0 0 1 0 1 0 0 0 1 0 0 1 1 1 1 0 1 1 0 0 0 1 1 0 0 1 0 1 1 1 1 0 1 0 0 0 0 0 0 0 0 1 0 0 1 1 0 1 1 0 0 1 0 0 1 0 0 0 1 0 1 0 0

RESULTS_SEED_1_MOD_LVL_2_MOD_STR_9
BER: 0.02443280977312391
d:0 1 1 0 1 0 0 0 0 1 0 1 1 1 0 0 0 0 0 1 0 1 1 0 1 0 0 0 0 0 1 1 0 0 0 1 0 0 0 0 0 0 1 0 0 1 0 1 0 0 1 0 1 0 0 0 1 0 0 1 0 0 1 0 0 1 0 1 0 1 0 1 1 0 0 0 1 0 1 1 1 0 1 1 0 1 0 0 1 0 0 1 0 1 1 0 0 0 1 1 0 1 0 1 0 1 1 1 0 0 1 1 1 0 1 0 0 1 1 1 1 1 1 1 0 0 1 0 0 1 1 1 0 0 0 0 1 0 1 1 0 0 1 0 0 1 0 1 1 1 1 0 0 0 0 1 1 0 1 1 0 1 0 1 0 1 1 1 0 0 1 1 1 1 0 0 1 0 0 1 0 1 1 1 1 1 0 1 1 0 0 0 0 1 0 1 0 1 1 0 1 0 0 0 1 1 0 0 0 1 1 0 0 1 0 1 0 0 1 0 0 0 0 0 1 0 0 1 1 0 0 0 1 1 0 1 1 0 0 1 0 1 1 1 1 0 0 0 1 0 1 0 1 0 1 0 0 0 0 1 0 0 0 0 0 0 0 0 0 0 0 0 0 0 0 0 0 0 0 0 0 0 0 0 0 0 0 0 0 0 0 0 0 0 0 0 0 0 0 0 0 0 0 0 0 0 0 0 0 0 0 0 0 0 0 0 0 0 0 0 0 0 0 0 0 0 0 0 0 0 0 0 0 0 0 0 0 0 0 0 0 0 0 0 0 0 0 0 0 0 0 0 0 0 0 0 0 0 0 0 0 0 0 0 0 0 0 0 0 0 0 0 0 0 0 0 0 0 0 0 0 0 0 0 0 0 0 0 0 0 0 0 0 0 0 0 0 0 0 0 0 0 0 0 0 0 0 0 0 0 0 0 0 0 0 0 0 0 0 0 0 0 0 0 0 0 0 0 0 0 0 0 0 0 0 0 0 0 0 0 0 0 0 0 0 0 0 0 0 0 0 0 0 0 0 0 0 0 0 0 0 0 0 0 0 0 0 0 0 0 0 0 0 0 0 0 0 0 0 0 0 0 0 0 0 0 0 0 0 0 0 0 0 0 0 0 0 0 0 0 0 0 0 0 0 0 0 0 0 0 0 0 0 0 0 0 0 0 0 0 0 0 0 0 0 0 0 0 0 0 0 0 0 0 0 0 0 0 0 0 0 0 0 0 0 0 0 0 0 0 0 0 0 0 0 0 0 0 0 0 0 0 0 0 0 0 0 0 0 0 0 0 0 0 0 0 0 0 0 0 0 0 0 0 0 0 0 0 0 0 0 0 0 0 0 0 0 0 0 0 0 0 0 0 0 0 0 0 0 0 0 0 0 0 0 0 0 0 0 0 0 0 0 0 0 0 0 0 0 0 0 0 0 0 0 0 0 0 0 0 0 0 0 0 0 0 0 0 0 0 0 0 0 0 0 0 0 0 0 0 0 0 0 0 0 0 0 0 0 0 0 0 0 0 0 0 0 0 0 0 0 0 0 0 0 0 0 0 0 0 0 0 0 0 0 0 0 0 0 0 0 0 0 0 0 0 0 0 0 0 0 0 0 0 0 0 0 0 0 0 0 0 0 0 0 0 0 0 0 0 0 0 0 0 0 0 0 0 0 0 0 0 0 0 0 0 0 0 0 0 0 0 0 0 0 0 0 0 0 0 0 0 0 0 0 0 0 0 0 0 0 0 0 0 0 0 0 0 0 0 0 0 0 0 0 0 0 0 0 0 0 0 0 0 0 0 0 0 0 0 0 0 0 0 0 0 0 0 0 0 0 0 0 0 0 0 0 0 0 0 0 0 0 0 0 0 0 0 0 0 0 0 0 0 0 0 0 0 0 0 0 0 0 0 0 0 0 0 0 0 0 0 0 0 0 0 0 0 0 0 0 0 0 0 0 0 0 0 0 0 0 0 0 0 0 0 0 0 0 0 0 0 0 0 0 0 0 0 0 0 0 0 0 0 0 0 0 0 0 0 0 0 0 0 0 0 0 0 0 0 0 0 0 0 0 0 0 0 0 0 0 0 0 0 0 0 0 0 0 0 0 0 0 0 0 0 0 0 0 0 0 0 0 0 0 0 0 0 0 0 0 0 0 0 0 0 0 0 0 0 0 0 0 0 0 0 0 0 0 0 0 0 0 0 0 0 0 0 0 0 0 0 0 0 0 0 0 0 0 0 0 0 0 0 0 0 0 0 0 0 0 0 0 0 0 0 0 0 0 0 0 0 0 0 0 0 0 0 0 0 0 0 0 0 0 0 0 0 0 0 0 0 0 0 0 0 0 0 0 0 0 0 0 0 0 0 0 0 0 0 0 0 0 0 0 0 0 0 0 0 0 0 0 0 0 0 0 0 0 0 0 0 0 0 0 0 0 0 0 0 0 0 0 0 0 0 0 0 0 0 0 0 0 0 0 0 0 0 0 0 0 0 0 0 0 0 0 0 0 0 0 0 0 0 0 0 0 0 0 0 0 0 0 0 0 0 0 0 0 0 0 0 0 0 0 0 0 0 0 0 0 0 0 0 0 0
e:0 1 1 0 1 0 0 0 0 1 0 1 1 0 0 0 0 0 0 1 0 1 1 1 0 1 0 0 0 0 1 1 0 0 0 1 0 0 0 0 0 0 1 0 0 1 0 1 0 0 1 0 1 0 0 0 1 0 0 1 0 0 1 0 0 1 0 1 0 1 0 1 1 0 0 0 1 0 1 1 1 0 1 1 1 0 0 0 0 1 0 1 0 1 1 0 0 0 1 1 1 0 0 1 0 1 1 0 0 0 1 1 1 0 1 0 0 1 1 1 1 1 1 0 0 0 1 0 0 1 1 1 0 0 0 0 1 0 1 1 0 0 1 0 0 1 1 0 1 1 1 1 0 0 0 1 0 1 1 1 1 0 0 1 0 0 1 1 0 0 1 1 1 1 0 0 1 0 0 1 1 0 1 1 1 1 0 1 1 0 0 0 0 1 0 1 0 1 1 0 1 0 0 1 1 1 0 0 0 1 1 0 0 1 1 0 0 0 1 0 0 0 0 0 1 0 0 1 1 0 0 0 1 1 0 1 1 0 0 1 0 1 1 1 1 0 0 0 1 1 0 1 1 0 1 0

RESULTS_SEED_1_MOD_LVL_3_MOD_STR_9
BER: 0.045934202358783364
d:0 0 1 1 0 0 1 0 0 0 0 1 1 0 0 1 0 0 0 1 1 1 0 1 1 0 0 1 1 1 1 0 1 0 0 1 1 1 0 1 0 0 0 0 0 1 0 0 0 0 1 1 0 0 0 1 0 0 1 0 1 1 0 1 0 0 0 1 1 1 0 1 0 0 0 0 1 0 0 1 1 1 0 1 0 1 0 1 0 0 1 0 0 1 1 0 1 0 1 0 0 1 1 1 1 0 0 0 1 1 1 0 1 1 1 0 0 0 0 1 1 0 0 0 1 1 0 1 1 0 1 0 0 1 1 1 0 1 1 0 1 1 0 1 1 1 1 1 0 1 1 0 0 1 0 1 1 1 0 1 0 0 0 1 0 1 0 0 0 1 1 0 0 0 0 1 1 1 0 1 0 0 1 1 1 0 1 0 0 1 0 0 1 0 0 1 0 1 0 1 0 0 1 0 1 0 1 0 0 0 1 1 1 0 1 1 1 0 1 1 1 0 1 0 0 0 1 0 1 0 1 0 1 0 1 0 1 0 1 1 0 1 0 0 1 1 1 0 1 0 1 1 0 0 1 0 0 0 0 0 0 0 0 1 0 0 0 0 0 0 0 0 0 0 0 0 0 0 0 0 0 0 0 0 0 0 0 0 0 0 0 0 0 0 0 0 0 0 0 0 0 0 0 0 0 0 0 0 0 0 0 0 0 0 0 0 0 0 0 0 0 0 0 0 0 0 0 0 0 0 0 0 0 0 0 0 0 0 0 0 0 0 0 0 0 0 0 0 0 0 0 0 0 0 0 0 0 0 0 0 0 0 0 0 0 0 0 0 0 0 0 0 0 0 0 0 0 0 0 0 0 0 0 0 0 0 0 0 0 0 0 0 0 0 0 0 0 0 0 0 0 0 0 0 0 0 0 0 0 0 0 0 0 0 0 0 0 0 0 0 0 0 0 0 0 0 0 0 0 0 0 0 0 0 0 0 0 0 0 0 0 0 0 0 0 0 0 0 0 0 0 0 0 0 0 0 0 0 0 0 0 0 0 0 0 0 0 0 0 0 0 0 0 0 0 0 0 0 0 0 0 0 0 0 0 0 0 0 0 0 0 0 0 0 0 0 0 0 0 0 0 0 0 0 0 0 0 0 0 0 0 0 0 0 0 0 0 0 0 0 0 0 0 0 0 0 0 0 0 0 0 0 0 0 0 0 0 0 0 0 0 0 0 0 0 0 0 0 0 0 0 0 0 0 0 0 0 0 0 0 0 0 0 0 0 0 0 0 0 0 0 0 0 0 0 0 0 0 0 0 0 0 0 0 0 0 0 0 0 0 0 0 0 0 0 0 0 0 0 0 0 0 0 0 0 0 0 0 0 0 0 0 0 0 0 0 0 0 0 0 0 0 0 0 0 0 0 0 0 0 0 0 0 0 0 0 0 0 0 0 0 0 0 0 0 0 0 0 0 0 0 0 0 0 0 0 0 0 0 0 0 0 0 0 0 0 0 0 0 0 0 0 0 0 0 0 0 0 0 0 0 0 0 0 0 0 0 0 0 0 0 0 0 0 0 0 0 0 0 0 0 0 0 0 0 0 0 0 0 0 0 0 0 0 0 0 0 0 0 0 0 0 0 0 0 0 0 0 0 0 0 0 0 0 0 0 0 0 0 0 0 0 0 0 0 0 0 0 0 0 0 0 0 0 0 0 0 0 0 0 0 0 0 0 0 0 0 0 0 0 0 0 0 0 0 0 0 0 0 0 0 0 0 0 0 0 0 0 0 0 0 0 0 0 0 0 0 0 0 0 0 0 0 0 0 0 0 0 0 0 0 0 0 0 0 0 0 0 0 0 0 0 0 0 0 0 0 0 0 0 0 0 0 0 0 0 0 0 0 0 0 0 0 0 0 0 0 0 0 0 0 0 0 0 0 0 0 0 0 0 0 0 0 0 0 0 0 0 0 0 0 0 0 0 0 0 0 0 0 0 0 0 0 0 0 0 0 0 0 0 0 0 0 0 0 0 0 0 0 0 0 0 0 0 0 0 0 0 0 0 0 0 0 0 0 0 0 0 0 0 0 0 0 0 0 0 0 0 0 0 0 0 0 0 0 0 0 0 0 0 0 0 0 0 0 0 0 0 0 0 0 0 0 0 0 0 0 0 0 0 0 0 0 0 0 0 0 0 0 0 0 0 0 0 0 0 0 0 0 0 0 0 0 0 0 0 0 0 0 0 0 0 0 0 0 0 0 0 0 0 0 0 0 0 0 0 0 0 0 0 0 0 0 0 0 0 0 0 0 0 0 0 0 0 0 0 0 0 0 0 0 0 0 0 0 0 0 0 0 0 0 0 0 0 0 0 0 0 0 0 0 0 0 0 0 0 0 0 0 0 0 0 0 0 0 0 0 0 0 0 0 0 0 0 0 0 0 0 0 0 0 0 0 0 0 0 0 0 0 0 0 0 0 0 0 0 0 0 0 0 0 0 0 0 0 0 0 0 0 0 0 0 0 0 0 0 0 0 0 0 0 0 0 0 0 0 0 0 0 0 0 0 0 0 0 0 0 0 0 0 0 0 0 0 0 0 0 0 0 0 0 0 0 0 0 0 0 0 0 0 0 0 0 0 0 0 0 0 0 0 0 0 0 0 0 0 0 0 0 0 0 0 0 0 0 0 0 0 0 0 0 0 0 0 0 0 0 0 0 0 0 0 0 0 0 0 0 0 0 0 0 0 0 0 0 0 0 0 0 0 0 0 0 0 0 0 0 0 0 0 0 0 0 0 0 0 0 0 0 0 0 0 0 0 0 0 0 0 0 0 0 0 0 0 0 0 0 0 0 0 0 0 0 0 0 0 0 0 0 0 0 0 0 0 0 0 0 0 0 0 0 0 0 0 0 0 0 0 0 0 0 0 0 0 0 0 0 0 0 0 0 0 0 0 0 0 0 0 0 0 0 0 0 0 0 0 0 0 0 0 0 0 0 0 0 0 0 0 0 0 0 0 0 0 0 0 0 0 0 0 0 0 0 0 0 0 0 0 0 0 0 0 0 0 0 0 0 0 0 0 0 0 0 0 0 0 0 0 0 0 0 0 0 0 0 0 0 0 0 0 0 0 0 0 0 0 0 0 0 0 0 0 0 0 0 0 0 0 0 0 0 0 0 0 0 0 0 0 0 0 0 0 0 0 0 0 0 0 0 0 0 0 0 0 0 0 0 0 0 0 0 0 0 0 0 0 0 0 0 0 0 0 0 0 0 0 0 0 0 0 0 0 0 0 0 0 0 0 0 0 0 0 0 0 0 0 0 0 0 0 0 0 0 0 0 0 0 0 0 0 0 0 0 0 0 0 0 0 0 0 0 0 0 0 0 0 0 0 0 0 0 0 0 0 0 0 0 0 0 0 0 0 0 0 0 0 0 0 0 0 0 0 0 0 0 0 0 0 0 0 0 0 0 0 0 0 0 0 0 0 0 0 0 0 0 0 0 0 0 0 0 0 0 0 0 0 0 0 0 0 0 0 0 0 0 0 0 0 0 0 0 0 0 0 0 0 0 0 0 0 0 0 0 0 0 0 0 0 0 0 0 0 0 0 0 0 0 0 0 0 0 0 0 0 0 0 0 0 0 0 0
e:0 0 1 0 1 1 1 0 0 0 0 1 1 0 1 0 1 1 1 0 0 1 1 1 1 0 0 1 0 1 1 1 0 0 0 0 1 1 1 1 0 1 0 0 0 0 1 1 0 0 0 1 1 0 0 1 1 0 1 0 1 0 1 0 1 1 0 1 1 1 0 0 0 0 0 0 1 0 0 1 0 1 0 0 0 1 1 1 0 1 0 1 1 1 1 1 1 1 1 0 0 1 1 1 1 0 0 0 1 1 1 0 1 0 1 0 0 0 0 1 1 0 0 0 1 1 1 0 0 0 0 1 0 1 1 1 0 1 1 1 0 1 0 1 1 1 1 1 0 1 1 0 1 1 1 0 1 1 1 1 0 0 0 0 1 1 0 0 0 1 0 0 1 0 0 1 1 1 0 1 0 0 1 1 1 0 1 1 0 0 1 1 1 0 0 1 0 1 0 1 0 0 1 0 1 0 0 0 0 0 1 1 1 0 1 1 1 1 1 1 1 0 1 0 0 0 1 0 1 0 0 0 0 1 1 1 0 1 0 0 0 0 1 0 1 1 1 0 1 1 0 0 0 0 0 0 0 0

RESULTS_SEED_1_MOD_LVL_1_MOD_STR_12
BER: 0.008460236886632826
d:0 1 0 0 1 0 0 0 0 1 1 0 0 0 1 0 1 0 0 1 0 1 0 1 1 0 0 0 1 1 0 1 1 0 1 0 1 0 1 0 1 1 1 0 1 1 0 1 0 1 0 0 1 0 0 1 0 0 0 1 0 1 0 1 0 0 1 0 1 0 1 0 0 0 0 1 0 0 1 0 0 1 1 0 0 1 1 0 1 0 1 1 0 0 0 0 1 0 0 0 1 0 0 0 1 1 1 0 1 1 1 0 1 0 1 1 1 0 1 0 1 0 1 1 1 0 0 1 0 0 0 0 0 0 0 0 0 1 1 1 0 0 0 1 0 0 0 0 0 1 0 0 1 1 1 1 0 0 1 1 0 1 0 1 1 1 1 1 1 0 0 1 0 0 1 0 0 1 1 0 1 0 1 1 0 0 0 0 0 0 0 0 1 1 1 1 0 1 0 0 0 0 0 1 1 0 0 1 0 0 1 0 0 1 1 0 1 0 1 1 1 0 1 0 1 0 1 0 1 1 0 0 1 0 1 0 1 1 1 0 0 1 1 1 0 1 1 0 0 1 1 1 0 1 0 0 0 0 0 0 0 0 0 0 0 0 0 0 0 0 0 0 0 0 0 0 0 0 0 0 0 0 0 0 0 0 0 0 0 0 0 0 0 0 0 0 0 0 0 0 0 0 0 0 0 0 0 0 0 0 0 0 0 0 0 0 0 0 0 0 0 0 0 0 0 0 0 0 0 0 0 0 0 0 0 0 0 0 0 0 0 0 0 0 0 0 0 0 0 0 0 0 0 0 0 0 0 0 0 0 0 0 0 0 0 0 0 0 0 0 0 0 0 0 0 0 0 0 0 0 0 0 0 0 0 0 0 0 0 0 0 0 0 0 0 0 0 0 0 0 0 0 0 0 0 0 0 0 0 0 0 0 0 0 0 0 0 0 0 0 0 0 0 0 0 0 0 0 0 0 0 0 0 0 0 0 0 0 0 0 0 0 0 0 0 0 0 0 0 0 0 0 0 0 0 0 0 0 0 0 0 0 0 0 0 0 0 0 0 0 0 0 0 0 0 0 0 0 0 0 0 0 0 0 0 0 0 0 0 0 0 0 0 0 0 0 0 0 0 0 0 0 0 0 0 0 0 0 0 0 0 0 0 0 0 0 0 0 0 0 0 0 0 0 0 0 0 0 0 0 0 0 0 0 0 0 0 0 0 0 0 0 0 0 0 0 0 0 0 0 0 0 0 0 0 0 0 0 0 0 0 0 0 0 0 0 0 0 0 0 0 0 0 0 0 0 0 0 0 0 0 0 0 0 0 0 0 0 0 0 0
e:0 1 0 0 1 0 0 0 0 1 1 0 0 0 1 0 1 0 0 1 0 1 0 1 1 0 0 0 1 1 0 1 1 0 1 0 1 0 1 0 1 1 1 0 1 1 0 1 0 1 0 0 1 0 0 1 0 0 0 1 0 1 0 1 0 0 1 0 1 0 1 0 0 0 0 1 0 0 1 0 0 1 1 0 0 1 1 0 1 0 1 1 0 0 0 0 1 0 0 0 1 0 0 0 1 1 1 0 1 1 1 0 1 0 1 1 1 0 1 0 1 0 1 1 1 0 1 1 0 0 0 0 0 0 0 0 1 1 1 1 0 0 0 1 0 0 0 0 0 1 0 0 1 1 1 1 0 0 1 1 1 1 0 1 1 1 1 1 1 0 0 1 0 0 1 0 0 1 1 0 1 0 1 1 0 0 0 0 0 1 0 0 1 1 1 1 0 1 0 0 0 1 0 1 1 0 0 1 0 0 1 0 0 1 1 0 1 0 1 1 1 0 1 0 1 0 1 0 1 1 0 0 1 0 1 0 1 1 1 0 0 1 1 1 0 1 1 0 0 1 1 1 0 1 0 0

RESULTS_SEED_1_MOD_LVL_2_MOD_STR_12
BER: 0.03577661431064572
d:0 0 1 1 1 0 1 1 1 1 0 1 1 0 1 0 1 0 1 0 1 1 1 1 1 0 1 0 0 1 0 1 0 1 0 1 0 0 1 1 1 0 1 1 1 0 1 1 1 0 0 1 1 0 1 1 0 1 1 1 1 1 0 1 1 0 1 0 0 1 0 0 0 0 1 0 1 1 1 0 0 0 1 0 1 0 1 1 0 0 1 0 1 0 1 0 1 0 0 0 0 0 0 0 1 0 1 0 1 0 1 0 1 1 1 1 0 1 0 1 1 0 0 0 1 1 1 0 0 0 1 0 1 0 1 0 1 0 1 0 0 1 1 0 0 0 1 0 1 0 1 0 1 0 1 0 1 0 0 0 1 0 0 1 0 0 0 0 1 1 1 0 1 0 1 1 1 0 0 1 1 1 1 1 1 0 1 0 1 0 1 1 0 1 1 1 0 1 1 1 1 0 0 0 1 0 0 1 1 0 0 0 0 1 1 0 0 1 1 1 1 1 0 1 1 0 0 0 1 0 0 1 0 0 0 0 1 0 0 1 1 0 1 0 1 0 1 0 0 0 1 0 1 1 0 0 0 1 0 0 0 0 0 1 0 0 0 0 0 0 0 0 0 0 0 0 0 0 0 0 0 0 0 0 0 0 0 0 0 0 0 0 0 0 0 0 0 0 0 0 0 0 0 0 0 0 0 0 0 0 0 0 0 0 0 0 0 0 0 0 0 0 0 0 0 0 0 0 0 0 0 1 0 0 0 0 0 0 0 0 0 0 0 0 0 0 0 0 0 0 0 0 0 0 0 0 0 0 0 0 0 0 0 0 0 0 0 0 0 0 0 0 0 0 0 0 0 0 0 0 0 0 0 0 0 0 0 0 0 0 0 0 0 0 0 0 0 0 0 0 0 0 0 0 0 0 0 0 0 0 0 0 0 0 0 0 0 0 0 0 0 0 0 0 0 0 0 0 0 0 0 0 0 0 0 0 0 0 0 0 0 0 0 0 0 0 0 0 0 0 0 0 0 0 0 0 0 0 0 0 0 0 0 0 0 0 0 0 0 0 0 0 0 0 0 0 0 0 0 0 0 0 0 0 0 0 0 0 0 0 0 0 0 0 0 0 0 0 0 0 0 0 0 0 0 0 0 0 0 0 0 0 0 0 0 0 0 0 0 0 0 0 0 0 0 0 0 0 0 0 0 0 0 0 0 0 0 0 0 0 0 0 0 0 0 0 0 0 0 0 0 0 0 0 0 0 0 0 0 0 0 0 0 0 0 0 0 0 0 0 0 0 0 0 0 0 0 0 0 0 0 0 0 0 0 0 0 0 0 0 0 0 0 0 0 0 0 0 0 0 0 0 0 0 0 0 0 0 0 0 0 0 0 0 0 0 0 0 0 0 0 0 0 0 0 0 0 0 0 0 0 0 0 0 0 0 0 0 0 0 0 0 0 0 0 0 0 0 0 0 0 0 0 0 0 0 0 0 0 0 0 0 0 0 0 0 0 0 0 0 0 0 0 0 0 0 0 0 0 0 0 0 0 0 0 0 0 0 0 0 0 0 0 0 0 0 0 0 0 0 0 0 0 0 0 0 0 0 0 0 0 0 0 0 0 0 0 0 0 0 0 0 0 0 0 0 0 0 0 0 0 0 0 0 0 0 0 0 0 0 0 0 0 0 0 0 0 0 0 0 0 0 0 0 0 0 0 0 0 0 0 0 0 0 0 0 0 0 0 0 0 0 0 0 0 0 0 0 0 0 0 0 0 0 0 0 0 0 0 0 0 0 0 0 0 0 0 0 0 0 0 0 0 0 0 0 0 0 0 0 0 0 0 0 0 0 0 0 0 0 0 0 0 0 0 0 0 0 0 0 0 0 0 0 0 0 0 0 0 0 0 0 0 0 0 0 0 0 0 0 0 0 0 0 0 0 0 0 0 0 0 0 0 0 0 0 0 0 0 0 0 0 0 0 0 0 0 0 0 0 0 0 0 0 0 0 0 0 0 0 0 0 0 0 0 0 0 0 0 0 0 0 0 0 0 0 0 0 0 0 0 0 0 0 0 0 0 0 0 0 0 0 0 0 0 0 0 0 0 0 0 0 0 0 0 0 0 0 0 0 0 0 0 0 0 0 0 0 0 0 0 0 0 0 0 0 0 0 0 0 0 0 0 0 0 0 0 0 0 0 0 0 0 0 0 0 0 0 0 0 0 0 0 0 0 0 0 0 0 0 0 0 0 0 0 0 0 0 0 0 0 0 0 0 0 0 0 0 0 0 0 0 0 0 0 0 0 0 0 0 0 0 0 0 0 0 0 0 0 0 0 0 0 0 0 0 0 0 0 0 0 0 0 0 0 0 0 0 0 0 0 0 0 0 0 0 0 0 0 0 0 0 0 0 0 0 0 0 0 0 0 0 0 0 0 0 0 0 0 0 0 0 0 0 0 0 0 0 0 0 0 0 0 0 0 0 0 0 0 0 0 0 0 0 0 0 0 0 0 0 0 0 0 0 0 0 0 0 0 0 0 0 0 0 0 0 0 0 0 0 0 0 0 0 0 0 0 0 0 0 0 0 0 0 0 0
e:0 0 1 1 1 0 1 1 1 1 0 1 1 0 1 0 1 0 0 1 1 1 1 1 0 1 1 0 0 1 0 1 0 1 0 0 0 0 1 0 1 1 1 1 0 1 1 1 0 1 0 0 1 0 1 1 0 1 1 1 1 1 0 0 1 0 0 1 0 1 0 0 0 0 0 1 1 1 1 0 0 0 0 1 1 0 1 1 0 0 1 0 1 0 1 0 1 0 0 0 0 0 0 0 1 0 1 0 1 0 1 0 1 1 1 1 0 0 0 1 1 0 0 0 1 0 1 1 0 0 1 0 1 0 1 0 1 0 0 1 0 1 1 0 0 0 1 1 1 1 1 0 1 0 1 0 1 0 0 0 1 0 0 0 0 0 0 0 1 1 1 0 1 0 1 1 1 0 0 1 1 1 1 1 0 1 1 1 0 1 1 1 0 1 1 1 0 0 1 1 1 1 0 0 1 0 0 1 1 0 0 0 1 0 1 0 0 1 1 1 1 1 0 0 1 0 0 0 1 0 0 1 0 0 0 0 1 0 1 0 1 0 1 0 1 1 1 1 0 0 1 0 1 1 0 0

RESULTS_SEED_1_MOD_LVL_3_MOD_STR_12
BER: 0.0260707635009311
d:0 0 0 0 0 0 1 0 1 1 1 0 1 1 1 0 0 0 0 1 0 1 0 0 0 0 1 0 1 1 0 1 1 0 1 0 0 1 0 0 0 0 0 1 0 0 0 1 0 0 1 1 1 1 1 0 1 0 1 0 0 1 0 0 0 0 1 0 0 1 1 0 0 0 0 1 0 0 1 0 1 0 1 0 1 0 1 1 1 1 1 1 1 0 0 1 1 0 0 1 0 1 1 0 0 0 0 1 1 1 1 1 0 1 1 0 0 1 0 1 1 0 0 0 0 1 1 1 1 1 0 0 1 0 1 1 0 1 0 0 1 1 1 1 0 0 1 0 1 0 1 1 1 1 1 0 1 1 1 0 1 0 0 1 0 1 0 0 1 1 1 0 0 1 0 1 0 1 0 0 0 1 0 0 0 1 1 0 0 1 1 0 0 0 0 0 0 1 0 0 1 0 1 1 1 0 1 1 1 1 0 1 0 0 0 1 0 0 0 0 1 0 0 1 1 1 1 0 1 0 1 0 0 1 0 0 0 0 1 0 1 0 1 0 0 1 0 1 0 0 0 1 0 0 1 0 0 0 0 0 0 0 0 1 0 0 0 0 0 0 0 0 0 0 0 1 0 0 0 0 0 0 0 0 0 0 0 0 0 0 0 0 0 0 0 0 0 0 0 0 0 0 0 0 0 0 0 0 0 0 0 0 0 0 0 0 0 0 0 0 0 0 0 0 0 0 0 0 0 0 0 0 0 0 0 0 0 0 0 0 0 0 0 0 0 0 0 0 0 0 0 0 0 0 0 0 0 0 0 0 0 0 0 0 0 0 0 0 0 0 0 0 0 0 0 0 0 0 0 0 0 0 0 0 0 0 0 0 0 0 0 0 0 0 0 0 0 0 0 0 0 0 0 0 0 0 0 0 0 0 0 0 0 0 0 0 0 0 0 0 0 0 0 0 0 0 0 0 0 0 0 0 0 0 0 0 0 0 0 0 0 0 0 0 0 0 0 0 0 0 0 0 0 0 0 0 0 0 0 0 0 0 0 0 0 0 0 0 0 0 0 0 0 0 0 0 0 0 0 0 0 0 0 0 0 0 0 0 0 0 0 0 0 0 0 0 0 0 0 0 0 0 0 0 0 0 0 0 0 0 0 0 0 0 0 0 0 0 0 0 0 0 0 0 0 0 0 0 0 0 0 0 0 0 0 0 0 0 0 0 0 0 0 0 0 0 0 0 0 0 0 0 0 0 0 0 0 0 0 0 0 0 0 0 0 0 0 0 0 0 0 0 0 0 0 0 0 0 0 0 0 0 0 0 0 0 0 0 0 0 0 0 0 0 0 0 0 0 0 0 0 0 0 0 0 0 0 0 0 0 0 0 0 0 0 0 0 0 0 0 0 0 0 0 0 0 0 0 0 0 0 0 0 0 0 0 0 0 0 0 0 0 0 0 0 0 0 0 0 0 0 0 0 0 0 0 0 0 0 0 0 0 0 0 0 0 0 0 0 0 0 0 0 0 0 0 0 0 0 0 0 0 0 0 0 0 0 0 0 0 0 0 0 0 0 0 0 0 0 0 0 0 0 0 0 0 0 0 0 0 0 0 0 0 0 0 0 0 0 0 0 0 0 0 0 0 0 0 0 0 0 0 0 0 0 0 0 0 0 0 0 0 0 0 0 0 0 0 0 0 0 0 0 0 0 0 0 0 0 0 0 0 0 0 0 0 0 0 0 0 0 0 0 0 0 0 0 0 0 0 0 0 0 0 0 0 0 0 0 0 0 0 0 0 0 0 0 0 0 0 0 0 0 0 0 0 0 0 0 0 0 0 0 0 0 0 0 0 0 0 0 0 0 0 0 0 0 0 0 0 0 0 0 0 0 0 0 0 0 0 0 0 0 0 0 0 0 0 0 0 0 0 0 0 0 0 0 0 0 0 0 0 0 0 0 0 0 0 0 0 0 0 0 0 0 0 0 0 0 0 0 0 0 0 0 0 0 0 0 0 0 0 0 0 0 0 0 0 0 0 0 0 0 0 0 0 0 0 0 0 0 0 0 0 0 0 0 0 0 0 0 0 0 0 0 0 0 0 0 0 0 0 0 0 0 0 0 0 0 0 0 0 0 0 0 0 0 0 0 0 0 0 0 0 0 0 0 0 0 0 0 0 0 0 0 0 0 0 0 0 0 0 0 0 0 0 0 0 0 0 0 0 0 0 0 0 0 0 0 0 0 0 0 0 0 0 0 0 0 0 0 0 0 0 0 0 0 0 0 0 0 0 0 0 0 0 0 0 0 0 0 0 0 0 0 0 0 0 0 0 0 0 0 0 0 0 0 0 0 0 0 0 0 0 0 0 0 0 0 0 0 0 0 0 0 0 0 0 0 0 0 0 0 0 0 0 0 0 0 0 0 0 0 0 0 0 0 0 0 0 0 0 0 0 0 0 0 0 0 0 0 0 0 0 0 0 0 0 0 0 0 0 0 0 0 0 0 0 0 0 0 0 0 0 0 0 0 0 0 0 0 0 0 0 0 0 0 0 0 0 0 0 0 0 0 0 0 0 0 0 0 0 0 0 0 0 0 0 0 0 0 0 0 0 0 0 0 0 0 0 0 0 0 0 0 0 0 0 0 0 0 0 0 0 0 0 0 0 0 0 0 0 0 0 0 0 0 0 0 0 0 0 0 0 0 0 0 0 0 0 0 0 0 0 0 0 0 0 0 0 0 0 0 0 0 0 0 0 0 0 0 0 0 0 0 0 0 0 0 0 0 0 0 0 0 0 0 0 0 0 0 0 0 0 0 0 0 0 0 0 0 0 0 0 0 0 0 0 0 0 0 0 0 0 0 0 0 0 0 0 0 0 0 0 0 0 0 0 0 0 0 0 0 0 0 0 0 0 0 0 0 0 0 0 0 0 0 0 0 0 0 0 0 0 0 0 0 0 0 0 0 0 0 0 0 0 0 0 0 0 0 0 0 0 0 0 0 0 0 0 0 0 0 0 0 0 0 0 0 0 0 0 0 0 0 0 0 0 0 0 0 0 0 0 0 0 0 0 0 0 0 0 0 0 0 0 0 0 0 0 0 0 0 0 0 0 0 0 0 0 0 0 0 0 0 0 0 0 0 0 0 0 0 0 0 0 0 0 0 0 0 0 0 0 0 0 0 0 0 0 0 0 0 0 0 0 0 0 0 0 0 0 0 0 0 0 0 0 0 0 0 0 0 0 0 0 0 0 0 0 0 0 0 0 0 0 0 0 0 0 0 0 0 0 0 0 0 0 0 0 0 0 0 0 0 0 0 0 0 0 0 0 0 0 0 0 0 0 0 0 0 0 0 0 0 0 0 0 0 0 0 0 0 0 0 0 0 0 0 0 0 0 0 0 0 0 0 0 0 0 0 0 0 0 0 0 0 0 0 0 0 0 0 0 0 0 0 0 0 0 0 0 0 0 0 0 0 0 0 0 0 0 0 0 0 0 0 0 0 0 0 0 0 0 0 0 0 0 0 0 0 0 0 0 0 0 0 0 0 0 0 0 0 0 0 0 0 0 0 0 0 0 0 0 0 0 0 0 0 0 0 0 0 0 0 0 0 0 0 0 0 0 0 0 0 0 0 0 0 0 0
e:0 0 0 0 0 0 1 0 0 1 1 1 1 1 0 0 0 0 0 1 0 1 0 0 0 1 0 1 0 0 0 1 1 0 1 0 0 1 0 0 0 0 0 1 1 0 0 1 0 1 0 1 1 0 1 0 1 1 0 0 0 1 0 0 0 0 1 0 0 1 1 1 0 0 0 1 0 0 1 1 0 0 1 1 1 0 1 1 1 1 1 1 1 0 0 1 1 0 0 1 0 1 1 0 0 0 0 1 1 1 1 1 1 0 1 0 0 1 1 0 1 0 1 0 0 0 1 1 1 0 1 1 1 0 1 1 1 0 0 0 1 1 1 1 0 0 0 0 1 0 1 1 0 1 1 0 1 1 1 0 1 0 0 1 0 1 0 1 1 1 1 0 0 1 0 0 1 1 0 0 0 1 0 0 0 1 1 0 1 1 1 0 0 0 0 0 0 1 0 0 1 0 1 1 1 0 1 1 1 1 0 1 1 0 1 0 0 0 0 0 1 0 0 1 1 1 1 0 1 1 1 0 0 0 0 0 0 0 1 0 1 1 0 0 0 1 0 1 0 0 0 1 0 0 1 0 0 0

RESULTS_SEED_1_MOD_LVL_1_MOD_STR_15
BER: 0.00676818950930626
d:1 0 0 1 0 1 1 1 0 1 0 1 0 0 1 1 1 1 1 1 0 1 0 1 0 0 0 0 0 1 1 1 1 1 0 0 0 1 1 0 0 0 0 0 0 0 1 0 1 1 1 1 1 0 1 1 0 0 1 1 0 1 1 1 1 1 1 0 1 0 0 1 1 0 0 0 1 0 1 1 1 0 1 1 0 1 1 0 1 1 1 0 1 1 0 1 1 0 1 0 1 1 1 0 1 1 0 0 1 1 0 0 0 1 0 1 0 0 0 0 1 1 1 1 0 0 0 1 0 0 1 1 0 1 1 1 0 0 0 0 1 1 0 0 1 0 1 0 0 0 1 1 0 0 0 1 1 0 0 0 0 1 0 0 1 1 0 0 0 1 1 1 1 1 1 1 0 1 1 0 0 0 1 1 0 1 1 1 1 1 0 0 0 1 1 1 1 1 1 0 1 1 1 0 1 1 1 0 0 0 0 1 0 1 1 0 0 0 1 0 0 0 0 0 1 0 1 1 1 1 0 1 0 0 0 0 1 1 0 1 1 1 1 0 1 1 0 1 1 1 1 0 1 1 0 1 0 0 0 0 0 0 0 0 0 0 0 0 0 0 0 0 0 0 0 0 0 0 0 0 0 0 0 0 0 0 0 0 0 0 0 0 0 0 0 0 0 0 0 0 0 0 0 0 0 0 0 0 0 0 0 0 0 0 0 0 0 0 0 0 0 0 0 0 0 0 0 0 0 0 0 0 0 0 0 0 0 0 0 0 0 0 0 0 0 0 0 0 0 0 0 0 0 0 0 0 0 0 0 0 0 0 0 0 0 0 0 0 0 0 0 0 0 0 0 0 0 0 0 0 0 0 0 0 0 0 0 0 0 0 0 0 0 0 0 0 0 0 0 0 0 0 0 0 0 0 0 0 0 0 0 0 0 0 0 0 0 0 0 0 0 0 0 0 0 0 0 0 0 0 0 0 0 0 0 0 0 0 0 0 0 0 0 0 0 0 0 0 0 0 0 0 0 0 0 0 0 0 0 0 0 0 0 0 0 0 0 0 0 0 0 0 0 0 0 0 0 0 0 0 0 0 0 0 0 0 0 0 0 0 0 0 0 0 0 0 0 0 0 0 0 0 0 0 0 0 0 0 0 0 0 0 0 0 0 0 0 0 0 0 0 0 0 0 0 0 0 0 0 0 0 0 0 0 0 0 0 0 0 0 0 0 0 0 0 0 0 0 0 0 0 0 0 0 0 0 0 0 0 0 0 0 0 0 0 0 0 0 0 0 0 0 0 0 0 0 0 0 0 0 0 0 0 0 0 0 0 0 0 0 0
e:1 0 0 1 0 1 1 1 0 1 0 1 0 0 1 0 1 1 1 1 0 1 0 1 0 0 0 0 0 1 1 1 1 1 0 0 0 1 1 0 0 0 0 0 0 0 1 0 1 1 1 1 1 0 1 1 0 0 1 1 0 1 1 1 1 1 1 0 1 0 0 1 1 0 0 0 1 0 1 1 1 0 1 1 0 1 1 0 1 1 1 0 1 1 0 1 1 0 1 0 1 1 1 0 1 1 0 0 1 1 0 0 0 1 0 1 0 0 0 0 1 1 1 1 0 0 0 1 0 0 1 1 0 1 1 1 0 0 0 0 1 1 0 0 1 0 1 0 0 0 1 1 0 0 0 1 1 0 0 0 0 1 0 0 1 1 1 0 0 1 1 1 1 1 1 1 0 1 1 0 0 0 1 1 0 1 1 1 1 1 0 0 0 1 1 1 1 1 1 0 1 1 1 0 1 1 1 0 0 0 0 1 0 1 1 0 0 0 1 0 0 0 0 0 1 0 1 1 1 1 0 1 0 1 0 0 1 1 1 1 1 1 1 0 1 1 0 1 1 1 1 0 1 1 0 1

RESULTS_SEED_1_MOD_LVL_2_MOD_STR_15
BER: 0.027050610820244327
d:0 0 0 1 1 1 1 1 0 0 0 0 1 0 0 0 1 1 0 0 1 1 0 1 1 1 1 1 1 0 1 1 1 0 0 1 0 1 1 0 0 0 0 0 1 1 1 0 0 0 0 0 0 1 1 1 1 1 0 0 0 0 0 0 1 1 1 1 0 1 0 0 0 1 1 0 1 0 0 1 1 1 1 0 0 1 0 0 1 1 1 1 0 1 0 1 1 1 0 1 0 1 1 0 1 0 1 1 0 1 0 0 1 0 0 1 0 0 0 0 1 0 0 0 0 1 1 1 1 1 0 1 1 0 1 1 1 0 0 0 0 0 0 1 0 0 0 1 1 1 1 0 1 0 1 0 1 1 0 1 1 0 1 0 0 0 1 1 1 1 0 1 1 0 1 0 0 1 1 1 0 1 1 1 0 0 0 0 1 1 1 1 0 1 0 1 0 0 1 0 0 1 1 1 0 0 1 0 0 1 0 1 0 0 0 1 1 0 1 0 1 1 1 0 0 1 0 1 0 1 0 1 1 1 1 0 1 1 0 1 0 1 1 1 1 0 0 0 0 0 0 1 1 1 1 1 0 0 0 0 0 0 0 0 0 0 0 0 0 0 0 0 0 0 0 0 0 0 0 0 0 0 0 0 0 0 0 0 0 0 0 0 0 0 0 0 0 0 0 0 0 0 0 0 0 0 0 0 0 0 0 0 0 0 0 0 0 0 0 0 0 0 0 0 0 0 0 0 0 0 0 0 0 0 0 0 0 0 0 0 0 0 0 0 0 0 0 0 0 0 0 0 0 0 0 0 0 0 0 0 0 0 0 0 0 0 0 0 0 0 0 0 0 0 0 0 0 0 0 0 0 0 0 0 0 0 0 0 0 0 0 0 0 0 0 0 0 0 0 0 0 0 0 0 0 0 0 0 0 0 0 0 0 0 0 0 0 0 0 0 0 0 0 0 0 0 0 0 0 0 0 0 0 0 0 0 0 0 0 0 0 0 0 0 0 0 0 0 0 0 0 0 0 0 0 0 0 0 0 0 0 0 0 0 0 0 0 0 0 0 0 0 0 0 0 0 0 0 0 0 0 0 0 0 0 0 0 0 0 0 0 0 0 0 0 0 0 0 0 0 0 0 0 0 0 0 0 0 0 0 0 0 0 0 0 0 0 0 0 0 0 0 0 0 0 0 0 0 0 0 0 0 0 0 0 0 0 0 0 0 0 0 0 0 0 0 0 0 0 0 0 0 0 0 0 0 0 0 0 0 0 0 0 0 0 0 0 0 0 0 0 0 0 0 0 0 0 0 0 0 0 0 0 0 0 0 0 0 0 0 0 0 0 0 0 0 0 0 0 0 0 0 0 0 0 0 0 0 0 0 0 0 0 0 0 0 0 0 0 0 0 0 0 0 0 0 0 0 0 0 0 0 0 0 0 0 0 0 0 0 0 0 0 0 0 0 0 0 0 0 0 0 0 0 0 0 0 0 0 0 0 0 0 0 0 0 0 0 0 0 0 0 0 0 0 0 0 0 0 0 0 0 0 0 0 0 0 0 0 0 0 0 0 0 0 0 0 0 0 0 0 0 0 0 0 0 0 0 0 0 0 0 0 0 0 0 0 0 0 0 0 0 0 0 0 0 0 0 0 0 0 0 0 0 0 0 0 0 0 0 0 0 0 0 0 0 0 0 0 0 0 0 0 0 0 0 0 0 0 0 0 0 0 0 0 0 0 0 0 0 0 0 0 0 0 0 0 0 0 0 0 0 0 0 0 0 0 0 0 0 0 0 0 0 0 0 0 0 0 0 0 0 0 0 0 0 0 0 0 0 0 0 0 0 0 0 0 0 0 0 0 0 0 0 0 0 0 0 0 0 0 0 0 0 0 0 0 0 0 0 0 0 0 0 0 0 0 0 0 0 0 0 0 0 0 0 0 0 0 0 0 0 0 0 0 0 0 0 0 0 0 0 0 0 0 0 0 0 0 0 0 0 0 0 0 0 0 0 0 0 0 0 0 0 0 0 0 0 0 0 0 0 0 0 0 0 0 0 0 0 0 0 0 0 0 0 0 0 0 0 0 0 0 0 0 0 0 0 0 0 0 0 0 0 0 0 0 0 0 0 0 0 0 0 0 0 0 0 0 0 0 0 0 0 0 0 0 0 0 0 0 0 0 0 0 0 0 0 0 0 0 0 0 0 0 0 0 0 0 0 0 0 0 0 0 0 0 0 0 0 0 0 0 0 0 0 0 0 0 0 0 0 0 0 0 0 0 0 0 0 0 0 0 0 0 0 0 0 0 0 0 0 0 0 0 0 0 0 0 0 0 0 0 0 0 0 0 0 0 0 0 0 0 0 0 0 0 0 0 0 0 0 0 0 0 0 0 0 0 0 0 0 0 0 0 0 0 0 0 0 0 0 0 0 0 0 0 0 0 0 0 0 0 0 0 0 0 0 0 0 0 0 0 0 0 0 0 0 0 0 0 0 0 0 0 0 0 0 0 0 0 0 0 0 0 0 0 0 0 0 0 0 0 0 0 0 0 0 0 0 0 0 0 0 0 0 0 0 0 0 0 0 0 0 0 0
e:0 0 0 1 1 1 1 1 0 0 0 0 1 0 0 0 1 1 0 0 1 1 0 1 1 1 1 1 0 1 1 1 1 0 0 1 0 1 1 0 0 0 0 0 1 1 1 0 0 0 0 0 0 1 1 0 1 1 0 0 0 0 0 0 1 0 1 1 0 1 0 0 0 1 1 0 1 0 0 1 1 1 1 0 0 1 0 0 1 0 1 1 0 0 0 1 1 1 0 1 0 1 1 0 1 1 1 1 0 1 0 0 0 1 0 1 0 0 0 0 1 0 0 0 0 1 1 1 1 1 0 1 1 0 1 1 1 0 0 0 0 0 0 1 0 0 0 1 1 0 1 0 1 0 1 0 1 1 1 0 0 1 1 0 0 0 1 1 1 1 1 0 1 0 1 1 0 0 1 1 0 1 1 1 0 0 0 0 1 0 1 1 0 1 1 0 0 0 1 1 0 1 1 1 0 0 1 0 0 1 1 0 0 0 0 1 1 0 1 0 1 1 1 0 0 1 0 1 0 1 1 0 1 1 1 1 1 1 0 0 1 0 1 1 1 0 0 0 0 0 0 1 1 0 1 1

RESULTS_SEED_1_MOD_LVL_3_MOD_STR_15
BER: 0.03600248292985723
d:0 1 1 1 1 0 1 0 0 1 0 1 1 0 0 1 1 1 1 0 0 1 0 1 1 1 0 1 1 1 1 0 1 0 1 1 1 1 1 1 0 1 1 0 1 1 0 1 1 1 1 0 1 0 1 0 1 0 1 0 0 1 1 1 0 1 1 0 1 1 0 1 0 1 0 0 0 1 0 0 0 1 0 1 1 1 1 0 1 1 0 0 0 0 1 1 0 0 1 0 0 1 0 0 1 0 1 1 1 0 0 0 1 1 1 0 1 1 0 1 1 1 1 1 1 1 0 1 0 1 0 0 0 0 0 0 1 0 1 1 1 0 1 1 1 0 1 0 1 0 0 1 1 0 0 0 1 0 1 0 1 1 1 0 0 0 0 1 0 1 1 1 0 0 0 0 1 1 0 1 0 0 1 0 0 1 1 1 0 0 0 1 0 1 0 1 0 0 0 0 1 0 0 1 1 0 0 0 0 1 1 0 1 1 1 0 1 0 0 0 1 0 1 0 0 1 0 1 0 1 1 0 0 1 0 1 0 0 0 1 1 0 0 0 1 0 0 0 1 0 0 1 0 0 1 1 0 0 0 0 0 0 0 0 0 0 1 0 0 0 0 0 0 0 0 0 0 0 0 0 0 0 0 0 0 0 0 0 0 0 0 0 0 0 0 0 0 0 0 0 0 0 0 0 0 0 0 0 0 0 0 0 0 0 0 0 0 0 0 0 0 0 0 0 0 0 0 0 0 0 0 0 0 0 0 0 0 0 0 0 0 0 0 0 0 0 0 0 0 0 0 0 0 0 0 0 0 0 0 0 0 0 0 0 0 0 0 0 0 0 0 0 0 0 0 0 0 0 0 0 0 0 0 0 0 0 0 0 0 0 0 0 0 0 0 0 0 0 0 0 0 0 0 0 0 0 0 0 0 0 0 0 0 0 0 0 0 0 0 0 0 0 0 0 0 0 0 0 0 0 0 0 0 0 0 0 0 0 0 0 0 0 0 0 0 0 0 0 0 0 0 0 0 0 0 0 0 0 0 0 0 0 0 0 0 0 0 0 0 0 0 0 0 0 0 0 0 0 0 0 0 0 0 0 0 0 0 0 0 0 0 0 0 0 0 0 0 0 0 0 0 0 0 0 0 0 0 0 0 0 0 0 0 0 0 0 0 0 0 0 0 0 0 0 0 0 0 0 0 0 0 0 0 0 0 0 0 0 0 0 0 0 0 0 0 0 0 0 0 0 0 0 0 0 0 0 0 0 0 0 0 0 0 0 0 0 0 0 0 0 0 0 0 0 0 0 0 0 0 0 0 0 0 0 0 0 0 0 0 0 0 0 0 0 0 0 0 0 0 0 0 0 0 0 0 0 0 0 0 0 0 0 0 0 0 0 0 0 0 0 0 0 0 0 0 0 0 0 0 0 0 0 0 0 0 0 0 0 0 0 0 0 0 0 0 0 0 0 0 0 0 0 0 0 0 0 0 0 0 0 0 0 0 0 0 0 0 0 0 0 0 0 0 0 0 0 0 0 0 0 0 0 0 0 0 0 0 0 0 0 0 0 0 0 0 0 0 0 0 0 0 0 0 0 0 0 0 0 0 0 0 0 0 0 0 0 0 0 0 0 0 0 0 0 0 0 0 0 0 0 0 0 0 0 0 0 0 0 0 0 0 0 0 0 0 0 0 0 0 0 0 0 0 0 0 0 0 0 0 0 0 0 0 0 0 0 0 0 0 0 0 0 0 0 0 0 0 0 0 0 0 0 0 0 0 0 0 0 0 0 0 0 0 0 0 0 0 0 0 0 0 0 0 0 0 0 0 0 0 0 0 0 0 0 0 0 0 0 0 0 0 0 0 0 0 0 0 0 0 0 0 0 0 0 0 0 0 0 0 0 0 0 0 0 0 0 0 0 0 0 0 0 0 0 0 0 0 0 0 0 0 0 0 0 0 0 0 0 0 0 0 0 0 0 0 0 0 0 0 0 0 0 0 0 0 0 0 0 0 0 0 0 0 0 0 0 0 0 0 0 0 0 0 0 0 0 0 0 0 0 0 0 0 0 0 0 0 0 0 0 0 0 0 0 0 0 0 0 0 0 0 0 0 0 0 0 0 0 0 0 0 0 0 0 0 0 0 0 0 0 0 0 0 0 0 0 0 0 0 0 0 0 0 0 0 0 0 0 0 0 0 0 0 0 0 0 0 0 0 0 0 0 0 0 0 0 0 0 0 0 0 0 0 0 0 0 0 0 0 0 0 0 0 0 0 0 0 0 0 0 0 0 0 0 0 0 0 0 0 0 0 0 0 0 0 0 0 0 0 0 0 0 0 0 0 0 0 0 0 0 0 0 0 0 0 0 0 0 0 0 0 0 0 0 0 0 0 0 0 0 0 0 0 0 0 0 0 0 0 0 0 0 0 0 0 0 0 0 0 0 0 0 0 0 0 0 0 0 0 0 0 0 0 0 0 0 0 0 0 0 0 0 0 0 0 0 0 0 0 0 0 0 0 0 0 0 0 0 0 0 0 0 0 0 0 0 0 0 0 0 0 0 0 0 0 0 0 0 0 0 0 0 0 0 0 0 0 0 0 0 0 0 0 0 0 0 0 0 0 0 0 0 0 0 0 0 0 0 0 0 0 0 0 0 0 0 0 0 0 0 0 0 0 0 0 0 0 0 0 0 0 0 0 0 0 0 0 0 0 0 0 0 0 0 0 0 0 0 0 0 0 0 0 0 0 0 0 0 0 0 0 0 0 0 0 0 0 0 0 0 0 0 0 0 0 0 0 0 0 0 0 0 0 0 0 0 0 0 0 0 0 0 0 0 0 0 0 0 0 0 0 0 0 0 0 0 0 0 0 0 0 0 0 0 0 0 0 0 0 0 0 0 0 0 0 0 0 0 0 0 0 0 0 0 0 0 0 0 0 0 0 0 0 0 0 0 0 0 0 0 0 0 0 0 0 0 0 0 0 0 0 0 0 0 0 0 0 0 0 0 0 0 0 0 0 0 0 0 0 0 0 0 0 0 0 0 0 0 0 0 0 0 0 0 0 0 0 0 0 0 0 0 0 0 0 0 0 0 0 0 0 0 0 0 0 0 0 0 0 0 0 0 0 0 0 0 0 0 0 0 0 0 0 0 0 0 0 0 0 0 0 0 0 0 0 0 0 0 0 0 0 0 0 0 0 0 0 0 0 0 0 0 0 0 0 0 0 0 0 0 0 0 0 0 0 0 0 0 0 0 0 0 0 0 0 0 0 0 0 0 0 0 0 0 0 0 0 0 0 0 0 0 0 0 0 0 0 0 0 0 0 0 0 0 0 0 0 0 0 0 0 0 0 0 0 0 0 0 0 0 0 0 0 0 0 0 0 0 0 0 0 0 0 0 0 0 0 0 0 0 0 0 0 0 0 0 0 0 0 0 0 0 0 0 0 0 0 0 0 0 0 0 0 0 0 0 0 0 0 0 0 0 0 0 0 0 0 0 0 0 0 0 0 0 0 0 0 0 0 0 0 0 0 0 0 0 0 0 0 0 0 0 0 0 0 0 0 0 0 0 0 0 0 0 0 0 0 0 0 0 0 0 0 0 0 0 0 0 0 0 0 0 0 0 0 0 0 0 0 0 0
e:0 1 1 1 1 1 1 0 0 1 0 1 1 0 0 1 1 1 0 1 1 1 1 0 1 1 1 1 1 1 1 0 1 0 1 1 1 1 0 1 0 1 1 0 1 1 0 1 1 1 0 0 0 1 1 1 0 0 1 0 0 1 0 1 1 0 1 0 1 1 1 1 0 0 1 0 0 1 0 0 0 1 1 0 1 1 1 0 1 1 0 0 0 0 1 0 0 0 1 0 0 1 0 0 1 1 0 0 1 0 0 1 0 0 1 1 0 1 1 0 1 1 1 1 1 1 0 0 1 0 1 1 0 0 1 0 1 0 1 1 0 0 1 1 1 0 1 0 1 0 1 0 0 0 0 0 1 1 0 0 1 1 1 0 0 0 1 0 0 1 1 1 0 0 0 0 1 1 1 0 0 0 0 0 0 1 1 1 1 0 0 1 0 1 0 1 0 0 0 1 1 0 0 1 1 0 0 0 0 1 1 1 0 1 1 0 1 0 0 0 1 0 1 0 0 1 1 0 0 1 1 0 0 1 0 1 0 0 0 0 1 0 0 0 1 1 0 0 1 0 0 1 0 0 0 1 0 0

RESULTS_SEED_1_MOD_LVL_1_MOD_STR_18
BER: 0.00676818950930626
d:0 1 0 1 0 0 1 1 0 0 1 0 0 1 0 0 1 0 0 0 0 0 0 1 1 0 0 1 0 1 0 0 1 0 0 0 0 1 0 0 1 0 0 1 0 0 0 0 0 1 0 1 0 0 0 0 0 1 0 0 1 0 1 1 0 0 0 1 1 0 1 0 0 1 1 1 0 1 1 0 0 1 0 0 1 0 1 0 0 1 1 0 1 0 1 0 0 1 1 1 0 1 1 1 1 1 0 0 0 1 0 1 1 0 0 0 1 0 0 0 1 1 1 0 0 1 1 0 1 0 0 1 1 1 0 0 0 0 1 1 0 1 0 1 1 0 0 0 1 1 0 0 0 0 0 1 1 1 1 0 0 0 1 1 1 1 1 0 0 1 0 0 1 1 0 0 0 0 0 1 1 1 1 0 1 0 1 1 0 1 0 0 0 0 1 1 1 0 0 1 0 1 1 0 0 1 1 1 0 1 0 1 1 1 0 1 1 1 0 0 0 1 0 1 1 0 1 0 0 1 1 0 0 1 0 0 1 1 0 0 1 1 1 1 1 1 1 0 1 1 0 0 1 0 0 0 0 0 0 0 0 0 0 0 0 0 0 0 0 0 0 0 0 0 0 0 0 0 0 0 0 0 0 0 0 0 0 0 0 0 0 0 0 0 0 0 0 0 0 0 0 0 0 0 0 0 0 0 0 0 0 0 0 0 0 0 0 0 0 0 0 0 0 0 0 0 0 0 0 0 0 0 0 0 0 0 0 0 0 0 0 0 0 0 0 0 0 0 0 0 0 0 0 0 0 0 0 0 0 0 0 0 0 0 0 0 0 0 0 0 0 0 0 0 0 0 0 0 0 0 0 0 0 0 0 0 0 0 0 0 0 0 0 0 0 0 0 0 0 0 0 0 0 0 0 0 0 0 0 0 0 0 0 0 0 0 0 0 0 0 0 0 0 0 0 0 0 0 0 0 0 0 0 0 0 0 0 0 0 0 0 0 0 0 0 0 0 0 0 0 0 0 0 0 0 0 0 0 0 0 0 0 0 0 0 0 0 0 0 0 0 0 0 0 0 0 0 0 0 0 0 0 0 0 0 0 0 0 0 0 0 0 0 0 0 0 0 0 0 0 0 0 0 0 0 0 0 0 0 0 0 0 0 0 0 0 0 0 0 0 0 0 0 0 0 0 0 0 0 0 0 0 0 0 0 0 0 0 0 0 0 0 0 0 0 0 0 0 0 0 0 0 0 0 0 0 0 0 0 0 0 0 0 0 0 0 0 0 0 0 0 0 0 0 0 0 0 0 0 0 0 0 0 0 0 0 0 0 0 0 0
e:0 1 0 1 0 0 1 1 0 0 1 0 0 1 0 0 1 0 0 0 0 0 0 1 1 0 0 1 0 1 0 0 1 0 0 0 0 1 0 0 1 0 0 1 0 0 1 0 0 1 0 1 0 0 0 0 0 1 0 0 1 0 1 1 0 0 0 1 1 0 1 0 0 1 1 1 0 1 1 0 0 1 0 0 1 0 1 0 0 1 1 0 1 0 1 0 0 1 1 1 0 1 1 1 1 1 0 0 0 1 0 1 1 1 0 0 1 0 0 0 1 1 1 0 0 1 1 0 1 0 0 1 1 1 0 0 0 0 1 1 0 1 0 1 1 0 0 0 1 1 0 0 0 0 0 1 1 1 1 0 0 0 1 1 1 1 1 0 0 1 0 0 1 1 0 0 0 0 0 1 1 1 1 0 1 0 1 1 0 1 0 0 0 0 1 1 1 1 0 1 0 1 1 0 0 1 1 1 0 1 0 1 1 1 0 1 1 1 0 0 0 1 0 1 1 0 1 0 0 1 1 0 0 1 0 0 1 1 0 0 1 1 1 1 1 1 1 0 1 1 1 0 1 0 0 0

RESULTS_SEED_1_MOD_LVL_2_MOD_STR_18
BER: 0.015706806282722512
d:0 0 1 1 0 0 0 1 0 1 1 0 0 1 0 0 1 0 0 0 1 0 1 0 0 1 1 0 1 0 0 1 0 0 0 1 1 0 0 1 0 0 0 0 1 1 1 1 0 0 0 1 0 0 0 1 1 0 1 0 1 1 1 1 0 1 1 1 1 0 1 0 1 0 1 0 0 1 0 0 0 0 1 0 0 1 0 1 1 0 0 0 0 0 0 1 1 0 0 0 0 0 1 1 1 1 0 1 1 0 1 1 1 0 0 0 1 0 0 0 0 0 1 0 0 0 1 0 0 1 0 1 1 1 1 1 1 1 0 0 1 0 0 0 1 1 0 1 0 1 0 1 0 1 0 0 1 1 0 1 1 0 0 1 1 0 0 0 0 1 0 1 0 0 1 1 1 0 0 1 1 0 1 0 1 1 1 0 0 0 1 1 1 1 0 1 0 0 1 0 0 1 1 1 0 1 1 0 0 1 1 0 0 0 1 1 0 1 0 0 1 1 1 0 1 0 1 0 0 0 1 0 1 1 0 0 0 0 1 0 1 0 0 0 1 0 1 1 0 0 1 0 0 0 1 0 0 0 0 0 0 0 0 0 0 0 0 0 0 0 0 0 0 0 0 0 0 0 0 0 0 0 0 0 0 0 0 0 0 0 0 0 0 0 0 0 0 0 0 0 0 0 0 0 0 0 0 0 0 0 0 0 0 0 0 0 0 0 0 0 0 0 0 0 0 0 0 0 0 0 0 0 0 0 0 0 0 0 0 0 0 0 0 0 0 0 0 0 0 0 0 0 0 0 0 0 0 0 0 0 0 0 0 0 0 0 0 0 0 0 0 0 0 0 0 0 0 0 0 0 0 0 0 0 0 0 0 0 0 0 0 0 0 0 0 0 0 0 0 0 0 0 0 0 0 0 0 0 0 0 0 0 0 0 0 0 0 0 0 0 0 0 0 0 0 0 0 0 0 0 0 0 0 0 0 0 0 0 0 0 0 0 0 0 0 0 0 0 0 0 0 0 0 0 0 0 0 0 0 0 0 0 0 0 0 0 0 0 0 0 0 0 0 0 0 0 0 0 0 0 0 0 0 0 0 0 0 0 0 0 0 0 0 0 0 0 0 0 0 0 0 0 0 0 0 0 0 0 0 0 0 0 0 0 0 0 0 0 0 0 0 0 0 0 0 0 0 0 0 0 0 0 0 0 0 0 0 0 0 0 0 0 0 0 0 0 0 0 0 0 0 0 0 0 0 0 0 0 0 0 0 0 0 0 0 0 0 0 0 0 0 0 0 0 0 0 0 0 0 0 0 0 0 0 0 0 0 0 0 0 0 0 0 0 0 0 0 0 0 0 0 0 0 0 0 0 0 0 0 0 0 0 0 0 0 0 0 0 0 0 0 0 0 0 0 0 0 0 0 0 0 0 0 0 0 0 0 0 0 0 0 0 0 0 0 0 0 0 0 0 0 0 0 0 0 0 0 0 0 0 0 0 0 0 0 0 0 0 0 0 0 0 0 0 0 0 0 0 0 0 0 0 0 0 0 0 0 0 0 0 0 0 0 0 0 0 0 0 0 0 0 0 0 0 0 0 0 0 0 0 0 0 0 0 0 0 0 0 0 0 0 0 0 0 0 0 0 0 0 0 0 0 0 0 0 0 0 0 0 0 0 0 0 0 0 0 0 0 0 0 0 0 0 0 0 0 0 0 0 0 0 0 0 0 0 0 0 0 0 0 0 0 0 0 0 0 0 0 0 0 0 0 0 0 0 0 0 0 0 0 0 0 0 0 0 0 0 0 0 0 0 0 0 0 0 0 0 0 0 0 0 0 0 0 0 0 0 0 0 0 0 0 0 0 0 0 0 0 0 0 0 0 0 0 0 0 0 0 0 0 0 0 0 0 0 0 0 0 0 0 0 0 0 0 0 0 0 0 0 0 0 0 0 0 0 0 0 0 0 0 0 0 0 0 0 0 0 0 0 0 0 0 0 0 0 0 0 0 0 0 0 0 0 0 0 0 0 0 0 0 0 0 0 0 0 0 0 0 0 0 0 0 0 0 0 0 0 0 0 0 0 0 0 0 0 0 0 0 0 0 0 0 0 0 0 0 0 0 0 0 0 0 0 0 0 0 0 0 0 0 0 0 0 0 0 0 0 0 0 0 0 0 0 0 0 0 0 0 0 0 0 0 0 0 0 0 0 0 0 0 0 0 0 0 0 0 0 0 0 0 0 0 0 0 0 0 0 0 0 0 0 0 0 0 0 0 0 0 0 0 0 0 0 0 0 0 0 0 0 0 0 0 0 0 0 0 0 0 0 0 0 0 0 0 0 0 0 0 0 0 0 0 0 0 0 0 0 0 0 0 0 0 0 0 0 0 0 0 0 0 0 0 0 0 0 0 0 0 0 0 0 0 0 0 0 0 0 0 0 0 0 0 0 0 0 0 0 0 0 0 0 0 0 0 0 0 0 0 0 0 0 0 0 0 0 0 0 0 0 0 0 0 0 0 0 0 0 0 0 0 0 0 0 0 0 0 0 0 0 0 0 0 0 0 0 0 0 0 0 0 0 0 0 0 0 0
e:0 0 1 1 0 0 0 1 0 1 1 0 0 1 0 0 1 0 0 0 1 0 1 1 0 1 1 0 1 0 1 0 0 0 0 1 1 0 0 1 0 0 0 0 1 0 1 1 0 0 0 1 0 0 0 1 1 0 1 0 1 1 1 1 0 1 1 1 1 0 0 1 1 1 1 0 0 1 0 0 0 0 1 0 0 1 0 1 1 0 0 0 0 0 0 1 1 0 0 0 0 0 1 1 1 1 0 1 1 0 1 1 1 0 0 0 1 0 0 0 0 0 0 1 0 0 1 0 0 1 0 1 1 1 1 1 1 1 0 0 1 0 0 0 1 1 0 1 0 1 0 1 0 1 0 0 1 1 0 1 1 1 0 1 1 0 0 0 0 1 0 1 0 0 1 1 1 0 1 0 0 1 1 1 1 1 1 0 0 0 1 1 1 1 0 1 0 0 1 0 0 1 1 1 0 1 1 0 0 1 1 0 0 0 1 1 0 1 0 0 1 1 1 0 1 0 1 1 0 0 1 0 1 1 0 0 0 0 1 0 1 1 0 0 1 0 1 1 0 0 1 0 0 0 1 1

RESULTS_SEED_1_MOD_LVL_3_MOD_STR_18
BER: 0.024829298572315334
d:1 0 0 1 1 0 1 1 0 0 0 0 0 0 1 0 0 1 1 1 0 1 0 1 1 0 1 0 0 1 1 0 0 1 1 0 1 0 1 0 1 1 1 1 1 1 0 1 1 1 1 0 0 0 0 1 0 0 0 0 1 1 0 1 1 1 1 1 1 1 1 1 1 0 0 1 0 0 0 0 1 1 0 1 1 0 0 0 0 0 0 0 1 0 0 1 0 1 1 1 0 1 1 1 1 0 0 0 1 1 1 0 0 1 0 1 0 1 1 1 1 0 0 1 1 0 1 1 1 0 1 0 0 1 0 1 1 0 1 0 1 0 0 1 1 0 1 1 0 0 0 1 0 0 1 0 0 1 0 0 0 0 1 0 1 0 1 1 1 0 0 1 1 0 0 0 1 1 1 0 0 0 1 0 0 0 0 1 0 1 0 0 0 1 0 0 0 0 1 0 0 0 0 1 1 0 0 1 1 0 0 0 1 0 0 0 0 1 1 0 1 0 0 0 0 0 1 1 0 1 1 0 0 0 0 1 1 0 1 0 1 0 0 0 1 0 1 1 0 1 0 1 1 1 1 1 0 1 0 0 0 0 0 0 0 0 1 0 0 0 0 0 1 0 0 0 0 0 0 0 0 0 0 0 0 0 0 0 0 0 0 0 0 0 0 0 0 0 0 0 0 0 0 0 0 0 0 0 0 0 0 0 0 0 0 0 0 0 0 0 0 0 0 0 0 0 0 0 0 0 0 0 0 0 0 0 0 0 0 0 0 0 0 0 0 0 0 0 0 0 0 0 0 0 0 0 0 0 0 0 0 0 0 0 0 0 0 0 0 0 0 0 0 0 0 0 0 0 0 0 0 0 0 0 0 0 0 0 0 0 0 0 0 0 0 0 0 0 0 0 0 0 0 0 0 0 0 0 0 0 0 0 0 0 0 0 0 0 0 0 0 0 0 0 0 0 0 0 0 0 0 0 0 0 0 0 0 0 0 0 0 0 0 0 0 0 0 0 0 0 0 0 0 0 0 0 0 0 0 0 0 0 0 0 0 0 0 0 0 0 0 0 0 0 0 0 0 0 0 0 0 0 0 0 0 0 0 0 0 0 0 0 0 0 0 0 0 0 0 0 0 0 0 0 0 0 0 0 0 0 0 0 0 0 0 0 0 0 0 0 0 0 0 0 0 0 0 0 0 0 0 0 0 0 0 0 0 0 0 0 0 0 0 0 0 0 0 0 0 0 0 0 0 0 0 0 0 0 0 0 0 0 0 0 0 0 0 0 0 0 0 0 0 0 0 0 0 0 0 0 0 0 0 0 0 0 0 0 0 0 0 0 0 0 0 0 0 0 0 0 0 0 0 0 0 0 0 0 0 0 0 0 0 0 0 0 0 0 0 0 0 0 0 0 0 0 0 0 0 0 0 0 0 0 0 0 0 0 0 0 0 0 0 0 0 0 0 0 0 0 0 0 0 0 0 0 0 0 0 0 0 0 0 0 0 0 0 0 0 0 0 0 0 0 0 0 0 0 0 0 0 0 0 0 0 0 0 0 0 0 0 0 0 0 0 0 0 0 0 0 0 0 0 0 0 0 0 0 0 0 0 0 0 0 0 0 0 0 0 0 0 0 0 0 0 0 0 0 0 0 0 0 0 0 0 0 0 0 0 0 0 0 0 0 0 0 0 0 0 0 0 0 0 0 0 0 0 0 0 0 0 0 0 0 0 0 0 0 0 0 0 0 0 0 0 0 0 0 0 0 0 0 0 0 0 0 0 0 0 0 0 0 0 0 0 0 0 0 0 0 0 0 0 0 0 0 0 0 0 0 0 0 0 0 0 0 0 0 0 0 0 0 0 0 0 0 0 0 0 0 0 0 0 0 0 0 0 0 0 0 0 0 0 0 0 0 0 0 0 0 0 0 0 0 0 0 0 0 0 0 0 0 0 0 0 0 0 0 0 0 0 0 0 0 0 0 0 0 0 0 0 0 0 0 0 0 0 0 0 0 0 0 0 0 0 0 0 0 0 0 0 0 0 0 0 0 0 0 0 0 0 0 0 0 0 0 0 0 0 0 0 0 0 0 0 0 0 0 0 0 0 0 0 0 0 0 0 0 0 0 0 0 0 0 0 0 0 0 0 0 0 0 0 0 0 0 0 0 0 0 0 0 0 0 0 0 0 0 0 0 0 0 0 0 0 0 0 0 0 0 0 0 0 0 0 0 0 0 0 0 0 0 0 0 0 0 0 0 0 0 0 0 0 0 0 0 0 0 0 0 0 0 0 0 0 0 0 0 0 0 0 0 0 0 0 0 0 0 0 0 0 0 0 0 0 0 0 0 0 0 0 0 0 0 0 0 0 0 0 0 0 0 0 0 0 0 0 0 0 0 0 0 0 0 0 0 0 0 0 0 0 0 0 0 0 0 0 0 0 0 0 0 0 0 0 0 0 0 0 0 0 0 0 0 0 0 0 0 0 0 0 0 0 0 0 0 0 0 0 0 0 0 0 0 0 0 0 0 0 0 0 0 0 0 0 0 0 0 0 0 0 0 0 0 0 0 0 0 0 0 0 0 0 0 0 0 0 0 0 0 0 0 0 0 0 0 0 0 0 0 0 0 0 0 0 0 0 0 0 0 0 0 0 0 0 0 0 0 0 0 0 0 0 0 0 0 0 0 0 0 0 0 0 0 0 0 0 0 0 0 0 0 0 0 0 0 0 0 0 0 0 0 0 0 0 0 0 0 0 0 0 0 0 0 0 0 0 0 0 0 0 0 0 0 0 0 0 0 0 0 0 0 0 0 0 0 0 0 0 0 0 0 0 0 0 0 0 0 0 0 0 0 0 0 0 0 0 0 0 0 0 0 0 0 0 0 0 0 0 0 0 0 0 0 0 0 0 0 0 0 0 0 0 0 0 0 0 0 0 0 0 0 0 0 0 0 0 0 0 0 0 0 0 0 0 0 0 0 0 0 0 0 0 0 0 0 0 0 0 0 0 0 0 0 0 0 0 0 0 0 0 0 0 0 0 0 0 0 0 0 0 0 0 0 0 0 0 0 0 0 0 0 0 0 0 0 0 0 0 0 0 0 0 0 0 0 0 0 0 0 0 0 0 0 0 0 0 0 0 0 0 0 0 0 0 0 0 0 0 0 0 0 0 0 0 0 0 0 0 0 0 0 0 0 0 0 0 0 0 0 0 0 0 0 0 0 0 0 0 0 0 0 0 0 0 0 0 0 0 0 0 0 0 0 0 0 0 0 0 0 0 0 0 0 0 0 0 0 0 0 0 0 0 0 0 0 0 0 0 0 0 0 0 0 0 0 0 0 0 0 0 0 0 0 0 0 0 0 0 0 0 0 0 0 0 0 0 0 0 0 0 0 0 0 0 0 0 0 0 0 0 0 0 0 0 0 0 0 0 0 0 0 0 0 0 0 0 0 0 0 0 0 0 0 0 0 0 0 0 0 0 0 0 0 0 0 0 0 0 0 0 0 0 0 0 0 0 0 0 0 0 0 0 0 0 0 0 0 0 0 0 0 0 0 0 0 0 0 0 0 0 0 0 0 0 0 0 0 0 0 0 0 0 0 0 0 0 0 0 0 0 0 0 0 0 0 0 0 0 0 0
e:1 0 1 1 1 0 1 1 0 0 0 0 0 0 1 0 0 1 1 1 0 1 0 1 1 0 1 0 0 1 1 0 1 1 1 0 1 0 0 1 0 0 1 1 1 1 0 1 1 1 0 0 0 0 0 0 1 0 0 0 1 1 0 1 1 1 1 1 1 1 1 0 0 1 1 0 1 1 0 1 0 1 0 1 1 0 0 0 0 0 0 0 1 0 0 0 0 1 1 1 1 0 1 1 0 0 0 0 1 1 1 0 0 1 0 1 0 1 1 1 1 0 1 1 1 0 1 1 1 0 1 0 0 1 0 1 1 0 1 0 1 0 0 1 1 1 0 1 0 0 0 1 0 0 1 1 0 1 0 0 0 0 1 0 0 0 1 1 1 0 0 1 1 1 0 0 1 1 1 0 0 0 0 0 0 0 0 1 0 1 0 0 0 1 1 0 0 0 1 0 0 0 1 0 1 1 0 1 1 0 0 1 0 0 0 0 0 1 1 0 1 0 0 0 0 0 1 1 0 1 1 0 0 0 0 1 1 0 1 0 1 0 1 0 1 0 1 1 1 1 1 0 1 1 1 1 0 0

RESULTS_SEED_1_MOD_LVL_1_MOD_STR_21
BER: 0.005076142131979695
d:1 1 1 1 1 1 1 1 1 1 0 1 1 1 1 1 1 1 0 0 1 1 1 1 0 1 0 0 0 0 0 1 1 0 0 0 0 1 0 0 0 1 0 1 0 0 0 0 1 1 1 1 0 0 1 1 1 0 0 1 1 0 0 0 0 1 1 1 0 1 0 1 0 0 0 1 1 1 0 1 1 0 1 1 0 1 1 0 1 0 0 0 0 1 1 0 0 1 0 0 0 0 0 0 0 0 0 0 0 0 0 1 1 1 0 0 1 1 0 1 0 1 0 0 0 0 0 0 1 0 1 0 1 1 1 0 0 1 0 0 0 1 0 0 1 0 1 1 0 1 0 0 0 1 0 0 0 0 0 1 1 0 1 1 0 1 1 0 1 0 0 1 0 1 1 1 0 0 0 0 0 0 0 0 1 0 0 0 1 0 0 1 0 0 0 0 0 1 1 1 1 0 0 1 0 1 1 1 0 1 1 0 0 1 1 0 0 1 0 0 1 1 1 0 1 0 0 1 0 1 0 0 1 0 1 0 0 0 0 0 1 1 1 1 0 1 0 1 0 0 0 0 1 1 1 0 0 0 0 0 0 0 0 0 0 0 0 0 0 0 0 0 0 0 0 0 0 0 0 0 0 0 0 0 0 0 0 0 0 0 0 0 0 0 0 0 0 0 0 0 0 0 0 0 0 0 0 0 0 0 0 0 0 0 0 0 0 0 0 0 0 0 0 0 0 0 0 0 0 0 0 0 0 0 0 0 0 0 0 0 0 0 0 0 0 0 0 0 0 0 0 0 0 0 0 0 0 0 0 0 0 0 0 0 0 0 0 0 0 0 0 0 0 0 0 0 0 0 0 0 0 0 0 0 0 0 0 0 0 0 0 0 0 0 0 0 0 0 0 0 0 0 0 0 0 0 0 0 0 0 0 0 0 0 0 0 0 0 0 0 0 0 0 0 0 0 0 0 0 0 0 0 0 0 0 0 0 0 0 0 0 0 0 0 0 0 0 0 0 0 0 0 0 0 0 0 0 0 0 0 0 0 0 0 0 0 0 0 0 0 0 0 0 0 0 0 0 0 0 0 0 0 0 0 0 0 0 0 0 0 0 0 0 0 0 0 0 0 0 0 0 0 0 0 0 0 0 0 0 0 0 0 0 0 0 0 0 0 0 0 0 0 0 0 0 0 0 0 0 0 0 0 0 0 0 0 0 0 0 0 0 0 0 0 0 0 0 0 0 0 0 0 0 0 0 0 0 0 0 0 0 0 0 0 0 0 0 0 0 0 0 0 0 0 0 0 0 0 0 0 0 0 0 0 0 0 0 0 0 0 0
e:1 1 1 1 1 1 1 1 1 1 0 1 1 1 1 1 1 1 0 0 1 1 1 1 0 1 0 0 0 0 0 1 1 0 0 0 0 1 0 0 0 1 0 1 0 0 0 0 1 1 1 1 0 0 1 1 1 0 0 1 1 0 0 0 0 1 1 1 0 1 0 1 0 0 0 1 1 1 0 1 1 0 1 1 0 1 1 0 1 0 0 0 0 1 1 0 0 1 0 0 0 0 0 0 0 0 0 0 0 0 0 1 1 1 0 0 1 1 0 1 0 1 0 0 0 0 0 0 1 0 1 0 1 1 1 0 0 1 0 0 0 1 1 0 1 0 1 1 0 1 0 0 0 1 0 0 0 0 0 1 1 0 1 1 0 1 1 0 1 0 0 1 0 1 1 1 0 0 0 0 0 1 0 0 1 0 0 0 1 0 0 1 0 0 0 0 0 1 1 1 1 0 0 1 0 1 1 1 0 1 1 0 0 1 1 0 0 1 0 0 1 1 1 0 1 0 0 1 0 1 0 0 1 0 1 0 0 0 0 0 1 1 1 1 0 1 0 1 0 0 0 0 1 1 1 1

