RESULTS_SEED_2_MOD_LVL_1_MOD_STR_3
BER: 0.09475465313028765
d:1 1 0 0 0 0 1 0 1 0 1 1 0 1 0 1 1 0 0 0 0 0 1 0 0 0 1 1 0 1 0 0 0 1 0 1 0 0 1 0 1 0 0 1 1 1 0 0 0 0 0 1 1 0 0 1 1 0 0 1 0 1 1 0 0 1 1 1 1 1 0 0 1 0 1 1 1 1 0 1 0 0 1 1 0 0 0 0 0 0 1 1 0 1 1 0 0 0 0 0 0 0 1 0 0 0 1 0 0 0 0 1 0 1 0 1 1 0 0 0 1 1 1 1 0 0 1 0 0 1 0 1 0 1 0 0 0 0 0 1 0 0 1 0 0 1 0 0 0 1 0 0 0 0 0 0 0 0 0 1 0 1 0 1 1 0 1 0 0 0 0 0 1 0 0 0 0 1 0 0 0 1 0 1 0 0 0 0 0 0 1 1 0 0 1 0 0 0 0 0 0 0 1 0 0 0 1 0 1 1 1 1 0 1 0 0 0 1 1 0 0 1 1 0 1 0 0 0 1 0 0 0 0 1 0 0 1 0 1 0 1 1 0 1 0 0 1 1 0 0 1 0 1 0 0 0 0 0 0 0 0 0 0 0 0 0 0 0 0 0 0 0 0 0 0 0 0 0 0 0 0 0 0 0 0 0 0 0 0 0 0 1 0 0 0 0 0 0 0 0 0 0 0 0 0 0 0 0 0 0 0 0 0 0 0 0 0 0 0 0 0 0 0 0 0 0 0 0 0 0 0 0 0 0 0 0 0 0 0 0 0 0 0 0 0 0 0 0 0 0 0 0 0 0 0 0 0 0 0 0 0 0 0 0 0 0 0 0 0 0 0 0 0 0 0 0 0 0 0 0 0 0 0 0 0 0 0 0 0 0 0 0 0 0 0 0 0 0 0 0 0 0 0 0 0 0 0 0 0 0 0 0 0 0 0 0 0 0 0 0 0 0 0 0 0 0 0 0 0 0 0 0 0 0 0 0 0 0 0 0 0 0 0 0 0 0 0 0 0 0 0 0 0 0 0 0 0 0 0 0 0 0 0 0 0 0 0 0 0 0 0 0 0 0 0 0 0 0 0 0 0 0 0 0 0 0 0 0 0 0 0 0 0 0 0 0 0 0 0 0 0 0 0 0 0 0 0 0 0 0 0 0 0 0 0 0 0 0 0 0 0 0 0 0 0 0 0 0 0 0 0 0 0 0 0 0 0 0 0 0 0 0 0 0 0 0 0 0 0 0 0 0 0 0 0 0 0 0 0 0 0 0 0 0 0 0 0 0 0 0 0 0 0 0 0 0 0 0 0 0 0 0 0 0 0 0 0 0 0 0 0
e:1 1 1 1 0 0 1 0 1 1 1 1 1 1 0 1 0 0 0 0 1 0 1 0 1 1 1 1 1 1 0 0 0 1 0 1 0 0 1 1 1 0 0 1 1 1 0 0 0 0 0 1 0 1 0 1 1 1 1 1 1 1 1 0 0 1 1 1 1 1 1 0 1 0 1 1 1 1 1 1 0 0 1 1 0 1 1 0 0 1 1 1 1 1 1 1 0 0 0 0 0 0 1 0 0 1 1 0 0 0 0 1 0 1 0 1 1 0 0 0 1 1 1 1 1 1 1 1 0 1 1 1 0 1 0 1 0 1 0 1 0 0 1 1 0 1 0 1 0 1 1 0 1 0 0 1 0 0 0 1 0 1 1 1 1 1 1 0 0 0 0 0 1 0 0 1 0 1 0 0 0 1 0 1 0 0 0 1 0 0 1 1 1 0 1 0 0 0 0 0 1 1 1 1 0 0 1 1 1 1 1 1 1 1 0 1 0 1 1 1 1 0 1 0 1 1 0 0 1 0 1 1 0 1 0 0 1 1 1 0 1 1 1 1 0 0 1 1 0 0 1 0 1 1 1 1

RESULTS_SEED_2_MOD_LVL_2_MOD_STR_3
BER: 0.06282722513089005
d:0 0 1 0 0 0 0 0 1 0 1 1 1 1 1 0 1 1 1 1 1 0 0 0 0 0 1 1 0 0 1 1 0 0 0 0 0 0 1 1 1 1 1 1 1 1 1 1 1 1 1 0 0 0 0 0 1 1 1 1 1 1 1 1 0 0 1 1 1 0 1 1 1 1 0 0 0 1 0 0 1 1 0 1 0 1 1 0 0 0 0 0 0 0 0 0 1 0 1 1 0 0 1 1 1 0 1 1 0 0 1 1 1 0 0 0 1 1 1 1 0 0 1 1 0 0 1 1 1 1 0 1 1 1 1 0 1 0 1 1 1 0 1 0 1 0 0 0 0 0 1 0 1 1 1 0 0 0 1 0 0 0 1 1 0 1 0 0 1 0 0 0 1 0 0 0 0 0 1 1 1 1 0 0 1 1 1 0 0 0 1 1 1 1 1 0 1 1 0 0 1 1 0 1 0 0 0 0 1 0 1 0 1 0 0 0 1 1 1 0 0 0 0 0 1 1 0 0 1 1 0 0 0 1 1 0 1 1 1 1 1 1 1 1 1 0 1 0 0 0 0 0 1 0 0 0 0 0 0 0 0 0 0 0 0 0 0 0 0 0 0 0 0 0 0 0 0 0 0 0 0 0 0 0 0 0 0 0 0 0 0 0 0 0 0 0 0 0 0 0 0 0 0 0 0 0 0 0 0 0 0 0 0 0 0 0 0 0 0 0 0 0 0 0 0 0 0 0 0 0 0 0 0 0 0 0 0 0 0 0 0 0 0 0 0 0 0 0 0 0 0 0 0 0 0 0 0 0 0 0 0 0 0 0 0 0 0 0 0 0 0 0 0 0 0 0 0 0 0 0 0 0 0 0 0 0 0 0 0 0 0 0 0 0 0 0 0 0 0 0 0 0 0 0 0 0 0 0 0 0 0 0 0 0 0 0 0 0 0 0 0 0 0 0 0 0 0 0 0 0 0 0 0 0 0 0 0 0 0 0 0 0 0 0 0 0 0 0 0 0 0 0 0 0 0 0 0 0 0 0 0 0 0 0 0 0 0 0 0 0 0 0 0 0 0 0 0 0 0 0 0 0 0 0 0 0 0 0 0 0 0 0 0 0 0 0 0 0 0 0 0 0 0 0 0 0 0 0 0 0 0 0 0 0 0 0 0 0 0 0 0 0 0 0 0 0 0 0 0 0 0 0 0 0 0 0 0 0 0 0 0 0 0 0 0 0 0 0 0 0 0 0 0 0 0 0 0 0 0 0 0 0 0 0 0 0 0 0 0 0 0 0 0 0 0 0 0 0 0 0 0 0 0 0 0 0 0 0 0 0 0 0 0 0 0 0 0 0 0 0 0 0 0 0 0 0 0 0 0 0 0 0 0 0 0 0 0 0 0 0 0 0 0 0 0 0 0 0 0 0 0 0 0 0 0 0 0 0 0 0 0 0 0 0 0 0 0 0 0 0 0 0 0 0 0 0 0 0 0 0 0 0 0 0 0 0 0 0 0 0 0 0 0 0 0 0 0 0 0 0 0 0 0 0 0 0 0 0 0 0 0 0 0 0 0 0 0 0 0 0 0 0 0 0 0 0 0 0 0 0 0 0 0 0 0 0 0 0 0 0 0 0 0 0 0 0 0 0 0 0 0 0 0 0 0 0 0 0 0 0 0 0 0 0 0 0 0 0 0 0 0 0 0 0 0 0 0 0 0 0 0 0 0 0 0 0 0 0 0 0 0 0 0 0 0 0 0 0 0 0 0 0 0 0 0 0 0 0 0 0 0 0 0 0 0 0 0 0 0 0 0 0 0 0 0 0 0 0 0 0 0 0 0 0 0 0 0 0 0 0 0 0 0 0 0 0 0 0 0 0 0 0 0 0 0 0 0 0 0 0 0 0 0 0 0 0 0 0 0 0 0 0 0 0 0 0 0 0 0 0 0 0 0 0 0 0 0 0 0 0 0 0 0 0 0 0 0 0 0 0 0 0 0 0 0 0 0 0 0 0 0 0 0 0 0 0 0 0 0 0 0 0 0 0 0 0 0 0 0 0 0 0 0 0 0 0 0 0 0 0 0 0 0 0 0 0 0 0 0 0 0 0 0 0 0 0 0 0 0 0 0 0 0 0 0 0 0 0 0 0 0 0 0 0 0 0 0 0 0 0 0 0 0 0 0 0 0 0 0 0 0 0 0 0 0 0 0 0 0 0 0 0 0 0 0 0 0 0 0 0 0 0 0 0 0 0 0 0 0 0 0 0 0 0 0 0 0 0 0 0 0 0 0 0 0 0 0 0 0 0 0 0 0 0 0 0 0 0 0 0 0 0 0 0 0 0 0 0 0 0 0 0 0 0 0 0 0 0 0 0 0 0 0 0 0 0 0 0 0 0 0 0 0 0 0 0 0 0 0 0 0 0 0 0 0 0 0 0 0 0 0 0 0 0 0 0 0 0 0 0 0 0 0 0 0 0 0 0 0 0 0 0 0 0 0 0 0 0 0 0 0 0 0 0 0 0 0 0 0 0 0 0 0 0 0 0 0 0 0 0 0 0 0 0 0 0 0 0 0 0 0 0 0 0 0 0
e:0 0 0 1 0 0 0 0 1 0 1 1 1 1 1 0 1 0 1 1 0 1 0 0 0 0 1 1 0 1 1 0 0 1 0 0 0 0 1 1 1 1 1 1 1 0 1 1 1 1 0 1 0 0 0 1 1 1 1 1 1 1 1 1 0 0 1 1 0 1 1 1 1 1 0 0 1 0 0 1 1 1 1 0 1 1 1 1 0 0 0 1 0 1 0 1 0 1 1 1 0 0 1 1 0 1 1 1 0 1 1 1 0 1 0 1 1 1 1 1 0 1 1 1 0 1 1 0 1 1 1 0 1 1 0 1 0 0 1 1 0 1 0 1 1 0 0 0 0 1 0 1 1 1 1 0 0 0 1 0 0 0 1 1 0 1 0 0 0 1 0 0 1 0 0 0 0 1 1 1 1 1 1 0 1 0 1 0 0 1 1 1 1 1 0 1 0 1 0 0 1 0 1 0 0 1 0 0 0 1 1 1 1 0 0 0 1 0 0 1 0 1 0 1 1 1 0 0 1 1 0 0 0 1 0 0 1 0 1 0 1 1 1 1 1 0 0 0 0 0 0 0 1 0 0 0

RESULTS_SEED_2_MOD_LVL_3_MOD_STR_3
BER: 0.05090006207324643
d:0 1 1 1 1 0 1 0 0 0 1 1 1 0 1 1 0 1 0 1 1 0 1 1 0 0 0 1 0 0 0 1 1 1 0 1 0 0 0 1 0 1 1 1 0 0 1 1 0 0 1 0 1 0 0 1 0 1 1 0 0 1 0 0 0 0 0 1 1 1 1 0 0 0 1 0 0 0 1 0 1 1 0 1 0 1 0 1 0 0 1 1 0 1 0 0 0 1 1 0 0 0 0 1 0 0 0 1 0 0 0 1 1 1 1 1 0 1 0 0 0 0 0 0 1 0 1 1 0 0 1 1 0 1 1 1 0 0 1 1 0 1 0 0 1 0 0 1 1 0 1 0 0 1 0 0 1 0 1 0 0 1 0 1 1 1 0 1 0 1 0 1 1 1 1 0 0 0 1 1 0 1 0 1 1 0 1 0 1 0 0 0 1 0 0 0 1 0 0 1 0 1 0 1 0 0 0 0 1 0 0 1 1 0 1 1 0 0 1 1 1 0 0 1 0 1 0 0 1 0 0 1 0 0 0 0 1 0 1 0 0 0 1 1 1 1 1 0 1 0 1 1 0 1 0 0 0 0 0 0 1 0 0 1 0 0 0 0 0 0 0 0 1 0 0 0 0 0 0 0 0 1 0 0 0 0 0 0 0 0 1 0 0 0 0 0 0 0 0 0 0 0 0 0 0 0 0 0 0 0 0 0 0 0 0 0 0 0 0 0 0 0 0 0 0 0 1 0 0 0 0 0 0 0 0 0 0 0 1 0 0 0 0 0 0 0 0 0 0 0 0 0 0 0 0 0 0 0 0 0 0 0 0 0 0 0 0 0 0 0 0 0 0 0 0 0 0 0 0 0 0 0 0 0 0 0 0 0 0 0 0 0 0 0 0 0 0 0 0 0 0 0 0 0 0 0 0 0 0 0 0 0 0 0 0 0 0 0 0 0 0 0 0 0 0 0 0 0 0 0 0 0 0 0 0 0 0 0 0 0 0 0 0 0 0 0 0 0 0 0 0 0 0 0 0 0 0 0 0 0 0 0 0 0 0 0 0 0 0 0 0 0 0 0 0 0 0 0 0 0 0 0 0 0 0 0 0 0 0 0 0 0 0 0 0 0 0 0 0 0 0 0 0 0 0 0 0 0 0 0 0 0 0 0 0 0 0 0 0 0 0 0 0 0 0 0 0 0 0 0 0 0 0 0 0 0 0 0 0 0 0 0 0 0 0 0 0 0 0 0 0 0 0 0 0 0 0 0 0 0 0 0 0 0 0 0 0 0 0 0 0 0 0 0 0 0 0 0 0 0 0 0 0 0 0 0 0 0 0 0 0 0 0 0 0 0 0 0 0 0 0 0 0 0 0 0 0 0 0 0 0 0 0 0 0 0 0 0 0 0 0 0 0 0 0 0 0 0 0 0 0 0 0 0 0 0 0 0 0 0 0 0 0 0 0 0 0 0 0 0 0 0 0 0 0 0 0 0 0 0 0 0 0 0 0 0 0 0 1 0 0 0 0 0 0 0 0 0 0 0 0 0 0 0 0 0 0 0 0 0 0 0 0 0 0 0 0 0 0 0 0 0 0 0 0 0 0 0 0 0 0 0 0 0 0 0 0 0 0 0 0 0 0 0 0 0 0 0 0 0 0 0 0 0 0 0 0 0 0 0 0 0 0 0 0 0 0 0 0 0 0 0 0 0 0 0 0 0 0 0 0 0 0 0 0 0 0 0 0 0 0 0 0 0 0 0 0 0 0 0 0 0 0 0 0 0 0 0 0 0 0 0 0 0 0 0 0 0 0 0 0 0 0 0 0 0 0 0 0 0 0 0 0 0 0 0 0 0 0 0 0 0 0 0 0 0 0 0 0 0 0 0 0 0 0 0 0 0 0 0 0 0 0 0 0 0 0 0 0 0 0 0 0 0 0 0 0 0 0 0 0 0 0 0 0 0 0 0 0 0 0 0 0 0 0 0 0 0 0 0 0 0 0 0 0 0 0 0 0 0 0 0 0 0 0 0 0 0 0 0 0 0 0 0 0 0 0 0 0 0 0 0 0 0 0 0 0 0 0 0 0 0 0 0 0 0 0 0 0 0 0 0 0 0 0 0 0 0 0 0 0 0 0 0 0 0 0 0 0 0 0 0 0 0 0 0 0 0 0 0 0 0 0 0 0 0 0 0 0 0 0 0 0 0 0 0 0 0 0 0 0 0 0 0 0 0 0 0 0 0 0 0 0 0 0 0 0 0 0 0 0 0 0 0 0 0 0 0 0 0 0 0 0 0 0 0 0 0 0 0 0 0 0 0 0 0 0 0 0 0 0 0 0 0 0 0 0 0 0 0 0 0 0 0 0 0 0 0 0 0 0 0 0 0 0 0 0 0 0 0 0 0 0 0 0 0 0 0 0 0 0 0 0 0 0 0 0 0 0 0 0 0 0 0 0 0 0 0 0 0 0 0 0 0 0 0 0 0 0 0 0 0 0 0 0 0 0 0 0 0 0 0 0 0 0 0 0 0 0 0 0 0 0 0 0 0 0 0 0 0 0 0 0 0 0 0 0 0 0 0 0 0 0 0 0 0 0 0 0 0 0 0 0 0 0 0 0 0 0 0 0 0 0 0 0 0 0 0 0 0 0 0 0 0 0 0 0 0 0 0 0 0 0 0 0 0 0 0 0 0 0 0 0 0 0 0 0 0 0 0 0 0 0 0 0 0 0 0 0 0 0 0 0 0 0 0 0 0 0 0 0 0 0 0 0 0 0 0 0 0 0 0 0 0 0 0 0 0 0 0 0 0 0 0 0 0 0 0 0 0 0 0 0 0 0 0 0 0 0 0 0 0 0 0 0 0 0 0 0 0 0 0 0 0 0 0 0 0 0 0 0 0 0 0 0 0 0 0 0 0 0 0 0 0 0 0 0 0 0 0 0 0 0 0 0 0 0 0 0 0 0 0 0 0 0 0 0 0 0 0 0 0 0 0 0 0 0 0 0 0 0 0 0 0 0 0 0 0 0 0 0 0 0 0 0 0 0 0 0 0 0 0 0 0 0 0 0 0 0 0 0 0 0 0 0 0 0 0 0 0 0 0 0 0 0 0 0 0 0 0 0 0 0 0 0 0 0 0 0 0 0 0 0 0 0 0 0 0 0 0 0 0 0 0 0 0 0 0 0 0 0 0 0 0 0 0 0 0 0 0 0 0 0 0 0 0 0 0 0 0 0 0 0 0 0 0 0 0 0 0 0 0 0 0 0 0 0 0 0 0 0 0 0 0 0 0 0 0 0 0 0 0 0 0 0 0 0 0 0 0 0 0 0 0 0 0 0 0 0 0 0 0 0 0 0 0 0 0 0 0 0 0 0 0 0 0 0 0 0 0 0 0 0 0 0 0 0 0 0 0 0 0 0 0 0 0 0 0 0 0 0 0 0 0 0 0 0 0 0 0 0 0 0 0 0 0 0 0 0 0 0 0 0 0 0 0 0 0 0 0 0 0 0 0 0 0 0 0 0 0 0 0 0 0 0 0 0 0 0 0 0 0 0 0 0 0 0 0 0 0 0 0 0 0 0 0 0 0 0 0 0 0 0 0 0 0 0 0 0 0 0 0 0 0 0 0 0 0 0 0 0
e:0 1 0 1 1 0 1 0 1 1 0 0 1 1 0 1 0 1 0 1 0 1 0 0 0 0 1 1 0 1 0 1 0 1 1 1 0 0 0 1 0 1 1 1 1 0 1 0 0 1 0 0 1 1 0 1 0 1 1 0 0 1 0 0 0 0 1 0 1 1 1 0 0 1 0 0 0 1 0 1 1 1 1 1 1 0 0 1 0 0 1 1 1 0 0 1 0 1 0 0 0 0 0 0 1 0 0 0 0 0 1 1 0 1 1 1 1 1 0 1 0 0 0 0 1 0 1 1 1 0 1 1 0 1 0 1 0 0 1 1 1 0 1 1 0 1 1 1 1 1 1 0 0 0 1 1 1 1 1 0 0 0 1 0 0 1 0 1 1 0 0 1 0 1 1 0 0 0 1 1 0 1 0 1 1 1 1 1 0 0 0 0 0 1 0 0 0 1 0 1 0 1 1 0 0 0 1 0 1 0 0 1 1 0 1 1 0 0 1 1 1 1 0 1 0 0 1 1 1 0 1 1 0 0 0 0 0 0 1 0 0 0 1 1 1 0 1 1 1 0 1 1 0 0 1 0 0 0

RESULTS_SEED_2_MOD_LVL_1_MOD_STR_6
BER: 0.01353637901861252
d:0 0 0 1 1 0 0 0 1 1 0 0 1 1 0 1 0 0 1 1 0 1 1 1 0 1 1 1 1 0 1 0 1 0 0 0 0 0 1 0 1 0 1 0 1 1 0 0 0 1 0 0 0 1 1 1 1 1 1 0 1 0 0 1 1 0 0 1 0 1 1 1 0 0 1 0 0 0 0 1 1 0 1 1 0 0 1 0 0 1 1 1 1 0 1 1 1 1 1 1 1 1 1 0 0 0 0 0 1 1 1 0 1 0 1 0 0 0 0 0 1 1 0 0 0 1 0 1 0 1 1 0 1 0 0 1 1 0 1 0 0 0 1 0 0 0 0 1 1 0 1 1 1 1 1 1 1 0 1 0 1 0 0 1 0 0 1 1 1 1 0 0 1 0 0 1 1 1 1 1 1 0 0 0 1 0 0 1 1 1 0 1 1 1 1 1 0 0 0 0 0 0 1 1 1 0 0 0 1 0 0 0 0 1 0 1 1 0 0 0 0 0 1 0 1 0 0 1 1 0 0 1 1 1 0 0 0 1 1 1 0 0 1 1 1 0 0 1 0 0 0 0 0 0 1 0 0 0 0 0 0 0 0 0 0 0 0 0 0 0 0 0 0 0 0 0 0 0 0 0 0 0 0 0 0 0 0 0 0 0 0 0 0 0 0 0 0 0 0 0 0 0 0 0 0 0 0 0 0 0 0 0 0 0 0 0 0 0 0 0 0 0 0 0 0 0 0 0 0 0 0 0 0 0 0 0 0 0 0 0 0 0 0 0 0 0 0 0 0 0 0 0 0 0 0 0 0 0 0 0 0 0 0 0 0 0 0 0 0 0 0 0 0 0 0 0 0 0 0 0 0 0 0 0 0 0 0 0 0 0 0 0 0 0 0 0 0 0 0 0 0 0 0 0 0 0 0 0 0 0 0 0 0 0 0 0 0 0 0 0 0 0 0 0 0 0 0 0 0 0 0 0 0 0 0 0 0 0 0 0 0 0 0 0 0 0 0 0 0 0 0 0 0 0 0 0 0 0 0 0 0 0 0 0 0 0 0 0 0 0 0 0 0 0 0 0 0 0 0 0 0 0 0 0 0 0 0 0 0 0 0 0 0 0 0 0 0 0 0 0 0 0 0 0 0 0 0 0 0 0 0 0 0 0 0 0 0 0 0 0 0 0 0 0 0 0 0 0 0 0 0 0 0 0 0 0 0 0 0 0 0 0 0 0 0 0 0 0 0 0 0 0 0 0 0 0 0 0 0 0 0 0 0 0 0 0 0 0 0 0 0 0 0 0 0 0 0 0 0 0 0 0 0 0 0 0 0 0 0 0 0
e:0 0 0 1 1 0 0 0 1 1 0 0 1 1 0 1 0 0 1 1 0 1 1 1 0 1 1 1 1 0 0 0 1 0 0 0 0 0 1 0 1 0 1 0 1 0 0 0 0 1 0 0 0 1 1 1 1 1 0 0 1 0 0 1 1 0 0 1 0 1 1 1 0 0 1 0 0 0 0 1 1 0 1 0 0 0 1 0 0 1 1 1 1 0 1 1 1 1 1 0 1 1 1 0 0 0 0 0 1 1 1 0 1 0 1 0 0 0 0 0 1 1 0 0 0 1 0 1 0 1 1 0 1 0 0 1 1 0 1 0 0 0 1 0 0 0 0 1 1 1 1 1 1 1 1 1 1 0 1 0 1 0 0 1 0 0 1 1 1 1 0 0 1 0 0 1 1 1 1 1 1 0 0 0 1 0 0 1 0 1 0 1 0 1 1 1 0 0 0 0 0 0 1 1 1 0 0 0 1 0 0 0 0 1 0 1 1 0 0 0 0 0 1 0 1 0 0 1 1 0 0 1 1 1 0 0 0 1 1 1 0 0 1 1 1 0 0 1 0 0 0 0 0 0 1 0

RESULTS_SEED_2_MOD_LVL_2_MOD_STR_6
BER: 0.04101221640488656
d:0 1 1 1 1 1 1 1 0 0 0 0 0 0 1 0 0 1 1 1 1 1 1 1 0 0 0 1 0 0 0 0 0 1 0 1 1 0 0 0 0 0 1 0 0 0 1 1 0 1 0 1 0 0 0 1 0 0 0 0 1 0 1 1 0 1 1 1 0 1 1 1 0 0 1 0 1 0 1 0 1 1 1 0 0 1 0 0 0 1 0 1 1 1 1 1 1 1 0 1 1 1 1 1 1 1 0 0 0 0 0 1 1 1 0 0 0 1 1 1 0 1 0 1 1 0 1 0 0 1 0 0 0 1 0 0 0 1 0 0 0 1 1 1 1 1 1 0 1 1 0 0 0 0 1 0 1 0 0 0 1 0 0 1 0 0 0 0 0 0 1 1 1 1 0 1 1 1 1 0 0 1 0 0 1 1 1 1 0 1 1 1 0 0 1 0 0 1 1 1 0 1 0 1 0 0 1 1 0 1 0 0 1 1 0 0 1 0 0 1 0 0 1 0 1 0 0 1 0 0 1 1 1 0 1 0 0 0 1 1 0 1 0 0 1 0 1 1 0 1 1 1 1 1 0 0 0 0 0 0 0 0 0 0 0 0 0 0 0 0 0 0 0 0 0 0 0 0 0 0 0 0 0 0 0 0 0 0 0 0 0 0 0 0 0 0 0 0 0 0 0 0 0 0 0 0 0 0 0 0 0 0 0 0 0 0 0 0 0 0 0 0 0 0 0 0 0 0 0 0 0 0 0 0 0 0 0 0 0 0 0 0 0 0 0 0 0 0 0 0 0 0 0 0 0 0 0 0 0 0 0 0 0 0 0 0 0 0 0 0 0 0 0 0 0 0 0 0 0 0 0 0 0 0 0 0 0 0 0 0 0 0 0 0 0 0 0 0 0 0 0 0 0 0 0 0 0 0 0 0 0 0 0 0 0 0 0 0 0 0 0 0 0 0 0 0 0 0 0 0 0 0 0 0 0 0 0 0 0 0 0 0 0 0 0 0 0 0 0 0 0 0 0 0 0 0 0 0 0 0 0 0 0 0 0 0 0 0 0 0 0 0 0 0 0 0 0 0 0 0 0 0 0 0 0 0 0 0 0 0 0 0 0 0 0 0 0 0 0 0 0 0 0 0 0 0 0 0 0 0 0 0 0 0 0 0 0 0 0 0 0 0 0 0 0 0 0 0 0 0 0 0 0 0 0 0 0 0 0 0 0 0 0 0 0 0 0 0 0 0 0 0 0 0 0 0 0 0 0 0 0 0 0 0 0 0 0 0 0 0 0 0 0 0 0 0 0 0 0 0 0 0 0 0 0 0 0 0 0 0 0 0 0 0 0 0 0 0 0 0 0 0 0 0 0 0 0 0 0 0 0 0 0 0 0 0 0 0 0 0 0 0 0 0 0 0 0 0 0 0 0 0 0 0 0 0 0 0 0 0 0 0 0 0 0 0 0 0 0 0 0 0 0 0 0 0 0 0 0 0 0 0 0 0 0 0 0 0 0 0 0 0 0 0 0 0 0 0 0 0 0 0 0 0 0 0 0 0 0 0 0 0 0 0 0 0 0 0 0 0 0 0 0 0 0 0 0 0 0 0 0 0 0 0 0 0 0 0 0 0 0 0 0 0 0 0 0 0 0 0 0 0 0 0 0 0 0 0 0 0 0 0 0 0 0 0 0 0 0 0 0 0 0 0 0 0 0 0 0 0 0 0 0 0 0 0 0 0 0 0 0 0 0 0 0 0 0 0 0 0 0 0 0 0 0 0 0 0 0 0 0 0 0 0 0 0 0 0 0 0 0 0 0 0 0 0 0 0 0 0 0 0 0 0 0 0 0 0 0 0 0 0 0 0 0 0 0 0 0 0 0 0 0 0 0 0 0 0 0 0 0 0 0 0 0 0 0 0 0 0 0 0 0 0 0 0 0 0 0 0 0 0 0 0 0 0 0 0 0 0 0 0 0 0 0 0 0 0 0 0 0 0 0 0 0 0 0 0 0 0 0 0 0 0 0 0 0 0 0 0 0 0 0 0 0 0 0 0 0 0 0 0 0 0 0 0 0 0 0 0 0 0 0 0 0 0 0 0 0 0 0 0 0 0 0 0 0 0 0 0 0 0 0 0 0 0 0 0 0 0 0 0 0 0 0 0 0 0 0 0 0 0 0 0 0 0 0 0 0 0 0 0 0 0 0 0 0 0 0 0 0 0 0 0 0 0 0 0 0 0 0 0 0 0 0 0 0 0 0 0 0 0 0 0 0 0 0 0 0 0 0 0 0 0 0 0 0 0 0 0 0 0 0 0 0 0 0 0 0 0 0 0 0 0 0 0 0 0 0 0 0 0 0 0 0 0 0 0 0 0 0 0 0 0 0 0 0 0 0 0 0 0 0 0 0 0 0 0 0 0 0 0 0 0 0 0 0 0 0 0 0 0 0 0 0 0 0 0 0 0 0 0 0 0 0 0 0 0 0 0 0 0 0 0 0 0 0 0 0 0 0 0 0 0 0 0 0 0 0 0 0 0 0 0 0 0 0 0 0 0 0 0 0 0 0 0 0 0 0 0 0 0 0 0 0 0
e:0 1 1 1 1 1 1 0 0 1 0 0 0 1 1 0 1 0 1 0 1 1 1 1 0 0 1 1 0 0 0 0 0 1 0 1 0 1 0 0 0 0 1 0 0 0 1 1 0 1 1 0 0 0 0 1 0 0 0 0 1 0 1 1 1 0 1 0 0 1 1 0 0 0 1 0 1 0 1 1 1 1 1 1 1 0 0 0 0 1 0 1 1 1 1 1 1 1 0 1 1 1 1 1 1 1 0 0 0 0 0 1 1 1 0 0 0 1 1 1 0 0 0 1 1 0 1 1 0 1 0 0 0 1 0 0 0 1 0 0 0 1 1 1 1 1 0 1 1 1 0 0 0 0 1 1 1 0 0 0 1 0 1 0 0 0 0 0 0 0 1 1 1 1 0 1 1 1 1 0 1 0 0 0 1 1 1 0 1 0 1 1 0 1 1 0 1 0 1 1 0 0 0 1 0 0 1 1 0 1 0 0 1 1 0 0 1 1 1 0 0 1 1 0 1 1 1 0 0 1 1 1 0 1 1 1 0 0 1 1 0 0 0 0 1 0 1 1 0 1 1 1 1 1 0 0

RESULTS_SEED_2_MOD_LVL_3_MOD_STR_6
BER: 0.03786468032278088
d:0 1 1 0 0 0 0 1 0 1 1 0 1 1 0 1 1 0 0 0 1 1 0 0 0 0 0 1 0 1 0 1 1 1 0 0 0 1 1 0 0 1 0 1 1 1 1 1 1 0 1 1 0 0 0 1 1 1 0 1 1 0 1 0 1 0 1 0 0 0 0 0 0 1 0 1 1 0 1 0 0 0 0 1 1 0 0 0 1 0 1 0 1 1 1 0 1 0 1 0 1 0 1 0 0 0 0 1 1 0 1 0 0 1 0 0 1 1 0 0 1 0 0 0 0 1 0 1 0 1 1 0 0 1 0 0 1 0 1 0 1 0 0 1 1 0 0 0 1 0 1 0 1 1 0 1 0 0 1 0 0 0 0 0 1 1 0 1 1 0 0 0 0 1 0 0 0 1 1 1 0 1 0 1 0 1 0 0 0 0 0 0 0 1 0 0 1 0 1 0 1 0 1 0 0 0 0 0 0 1 1 0 1 1 1 1 0 0 0 1 0 1 0 0 1 0 1 0 1 0 1 0 0 0 0 0 0 0 1 0 1 0 0 1 0 0 1 0 0 0 1 1 1 1 0 0 1 0 0 0 0 0 0 1 0 0 0 0 0 0 0 0 0 0 0 0 0 0 0 0 0 1 0 0 0 0 0 0 0 0 0 0 0 0 0 0 0 0 0 0 0 0 0 0 0 0 0 0 0 0 0 0 0 0 0 0 0 0 0 0 0 0 0 0 0 0 0 0 0 0 0 0 0 0 0 0 0 0 0 0 0 0 0 0 0 0 0 0 0 0 0 0 0 0 0 0 0 0 0 0 0 0 0 0 0 0 0 0 0 0 0 0 0 0 0 0 0 0 0 0 0 0 0 0 0 0 0 0 0 0 0 0 0 0 0 0 0 0 0 0 0 0 0 0 0 0 0 0 0 0 0 0 0 0 0 0 0 0 0 0 0 0 0 0 0 0 0 0 0 0 0 0 0 0 0 0 0 0 0 0 0 0 0 0 0 0 0 0 0 0 0 0 0 0 0 0 0 0 0 0 0 0 0 0 0 0 0 0 0 0 0 0 0 0 0 0 0 0 0 0 0 0 0 0 0 0 0 0 0 0 0 0 0 0 0 0 0 0 0 0 0 0 0 0 0 0 0 0 0 0 0 0 0 0 0 0 0 0 0 0 0 0 0 0 0 0 0 0 0 0 0 0 0 0 0 0 0 0 0 0 0 0 0 0 0 0 0 0 0 0 0 0 0 0 0 0 0 0 0 0 0 0 0 0 0 0 0 0 0 0 0 0 0 0 0 0 0 0 0 0 0 0 0 0 0 0 0 0 0 0 0 0 0 0 0 0 0 0 0 0 0 0 0 0 0 0 0 0 0 0 0 0 0 0 0 0 0 0 0 0 0 0 0 0 0 0 0 0 0 0 0 0 0 0 0 0 0 0 0 0 0 0 0 0 0 0 0 0 0 0 0 0 0 0 0 0 0 0 0 0 0 0 0 0 0 0 0 0 0 0 0 0 0 0 0 0 0 0 0 0 0 0 0 0 0 0 0 0 0 0 0 0 0 0 0 0 0 0 0 0 0 0 0 0 0 0 0 0 0 0 0 0 0 0 0 0 0 0 0 0 0 0 0 0 0 0 0 0 0 0 0 0 0 0 0 0 0 0 0 0 0 0 0 0 0 0 0 0 0 0 0 0 0 0 0 0 0 0 0 0 0 0 0 0 0 0 0 0 0 0 0 0 0 0 0 0 0 0 0 0 0 0 0 0 0 0 0 0 0 0 0 0 0 0 0 0 0 0 0 0 0 0 0 0 0 0 0 0 0 0 0 0 0 0 0 0 0 0 0 0 0 0 0 0 0 0 0 0 0 0 0 0 0 0 0 0 0 0 0 0 0 0 0 0 0 0 0 0 0 0 0 0 0 0 0 0 0 0 0 0 0 0 0 0 0 0 0 0 0 0 0 0 0 0 0 0 0 0 0 0 0 0 0 0 0 0 0 0 0 0 0 0 0 0 0 0 0 0 0 0 0 0 0 0 0 0 0 0 0 0 0 0 0 0 0 0 0 0 0 0 0 0 0 0 0 0 0 0 0 0 0 0 0 0 0 0 0 0 0 0 0 0 0 0 0 0 0 0 0 0 0 0 0 0 0 0 0 0 0 0 0 0 0 0 0 0 0 0 0 0 0 0 0 0 0 0 0 0 0 0 0 0 0 0 0 0 0 0 0 0 0 0 0 0 0 0 0 0 0 0 0 0 0 0 0 0 0 0 0 0 0 0 0 0 0 0 0 0 0 0 0 0 0 0 0 0 0 0 0 0 0 0 0 0 0 0 0 0 0 0 0 0 0 0 0 0 0 0 0 0 0 0 0 0 0 0 0 0 0 0 0 0 0 0 0 0 0 0 0 0 0 0 0 0 0 0 0 0 0 0 0 0 0 0 0 0 0 0 0 0 0 0 0 0 0 0 0 0 0 0 0 0 0 0 0 0 0 0 0 0 0 0 0 0 0 0 0 0 0 0 0 0 0 0 0 0 0 0 0 0 0 0 0 0 0 0 0 0 0 0 0 0 0 0 0 0 0 0 0 0 0 0 0 0 0 0 0 0 0 0 0 0 0 0 0 0 0 0 0 0 0 0 0 0 0 0 0 0 0 0 0 0 0 0 0 0 0 0 0 0 0 0 0 0 0 0 0 0 0 0 0 0 0 0 0 0 0 0 0 0 0 0 0 0 0 0 0 0 0 0 0 0 0 0 0 0 0 0 0 0 0 0 0 0 0 0 0 0 0 0 0 0 0 0 0 0 0 0 0 0 0 0 0 0 0 0 0 0 0 0 0 0 0 0 0 0 0 0 0 0 0 0 0 0 0 0 0 0 0 0 0 0 0 0 0 0 0 0 0 0 0 0 0 0 0 0 0 0 0 0 0 0 0 0 0 0 0 0 0 0 0 0 0 0 0 0 0 0 0 0 0 0 0 0 0 0 0 0 0 0 0 0 0 0 0 0 0 0 0 0 0 0 0 0 0 0 0 0 0 0 0 0 0 0 0 0 0 0 0 0 0 0 0 0 0 0 0 0 0 0 0 0 0 0 0 0 0 0 0 0 0 0 0 0 0 0 0 0 0 0 0 0 0 0 0 0 0 0 0 0 0 0 0 0 0 0 0 0 0 0 0 0 0 0 0 0 0 0 0 0 0 0 0 0 0 0 0 0 0 0 0 0 0 0 0 0 0 0 0 0 0 0 0 0 0 0 0 0 0 0 0 0 0 0 0 0 0 0 0 0 0 0 0 0 0 0 0 0 0 0 0 0 0 0 0 0 0 0 0 0 0 0 0 0 0 0 0 0 0 0 0 0 0 0 0 0 0 0 0 0 0 0 0 0 0 0 0 0 0 0 0 0 0 0 0 0 0 0 0 0 0 0 0 0 0 0 0 0 0 0 0 0 0 0 0 0 0 0 0 0 0 0 0 0 0 0 0 0 0 0 0 0 0 0 0 0 0 0 0 0 0 0 0 0 0 0 0 0 0 0 0 0 0 0 0 0 0 0 0 0 0 0 0 0 0 0 0 0 0 0 0 0 0 0 0 0 0 0 0 0 0 0 0 0 0 0 0 0 0 0 0
e:1 0 0 0 0 0 0 1 0 1 1 0 1 1 1 1 1 0 0 1 0 0 1 1 0 0 1 1 0 0 0 1 1 1 0 0 1 0 0 0 0 1 0 1 1 1 1 1 1 1 0 1 0 0 1 0 0 1 1 1 1 0 1 0 1 0 1 0 0 0 0 1 0 1 0 1 1 0 1 0 0 0 1 0 1 0 0 0 1 0 1 0 0 1 1 1 1 0 1 1 0 1 1 0 0 0 0 1 1 0 0 0 1 0 0 0 1 1 0 1 1 0 0 0 0 1 0 1 1 1 1 1 0 1 0 0 1 0 1 1 0 0 0 1 0 1 1 1 0 0 1 0 1 1 0 1 0 1 0 0 0 0 0 0 0 1 1 0 1 0 1 0 1 1 0 0 0 1 1 1 0 1 1 1 0 1 0 0 0 0 0 0 0 1 0 0 1 0 1 1 0 0 1 0 0 0 1 0 0 1 1 0 1 1 1 1 0 0 0 1 1 0 0 0 1 0 1 1 1 0 1 0 0 0 0 0 0 0 1 0 1 0 0 1 0 1 1 0 1 0 1 0 1 1 1 1 0 0

RESULTS_SEED_2_MOD_LVL_1_MOD_STR_9
BER: 0.005076142131979695
d:1 1 1 1 0 1 1 0 1 1 1 0 0 0 1 0 0 1 0 0 1 0 0 1 1 0 1 0 0 1 1 1 0 1 1 1 0 0 0 0 1 1 1 1 0 0 1 0 0 1 0 1 1 1 1 1 1 0 0 0 0 0 1 0 1 0 1 0 0 0 1 1 1 0 1 0 1 1 0 1 1 0 1 0 0 0 0 1 0 0 0 0 1 1 1 0 0 1 1 1 0 1 1 0 0 1 0 1 0 0 0 0 1 1 1 1 0 0 0 0 1 1 1 1 0 0 0 1 0 1 0 1 0 1 0 0 0 0 1 1 0 0 0 0 1 1 0 0 0 0 1 1 1 1 1 1 1 1 1 1 1 0 0 0 1 0 0 1 0 1 0 0 1 1 1 0 1 0 1 1 0 1 1 1 1 0 0 1 0 1 1 1 0 0 0 0 1 1 0 1 1 0 0 0 1 0 1 1 1 1 0 1 0 0 0 0 0 1 0 0 0 0 0 0 0 1 1 1 1 1 0 0 1 0 1 1 1 1 0 1 1 0 0 0 0 0 0 1 1 0 0 1 0 1 0 1 0 0 0 0 0 0 0 0 0 0 0 0 0 0 0 0 0 0 0 0 0 0 0 0 0 0 0 0 0 0 0 0 0 0 0 0 0 0 0 0 0 0 0 0 0 0 0 0 0 0 0 0 0 0 0 0 0 0 0 0 0 0 0 0 0 0 0 0 0 0 0 0 0 0 0 0 0 0 0 0 0 0 0 0 0 0 0 0 0 0 0 0 0 0 0 0 0 0 0 0 0 0 0 0 0 0 0 0 0 0 0 0 0 0 0 0 0 0 0 0 0 0 0 0 0 0 0 0 0 0 0 0 0 0 0 0 0 0 0 0 0 0 0 0 0 0 0 0 0 0 0 0 0 0 0 0 0 0 0 0 0 0 0 0 0 0 0 0 0 0 0 0 0 0 0 0 0 0 0 0 0 0 0 0 0 0 0 0 0 0 0 0 0 0 0 0 0 0 0 0 0 0 0 0 0 0 0 0 0 0 0 0 0 0 0 0 0 0 0 0 0 0 0 0 0 0 0 0 0 0 0 0 0 0 0 0 0 0 0 0 0 0 0 0 0 0 0 0 0 0 0 0 0 0 0 0 0 0 0 0 0 0 0 0 0 0 0 0 0 0 0 0 0 0 0 0 0 0 0 0 0 0 0 0 0 0 0 0 0 0 0 0 0 0 0 0 0 0 0 0 0 0 0 0 0 0 0 0 0 0 0 0 0 0 0 0 0 0 0 0 0 0 0 0 0 0 0 0 0 0 0 0 0 0 0
e:1 1 1 1 0 1 1 0 1 1 1 0 0 0 1 0 0 1 0 0 1 0 0 1 1 0 1 0 0 1 1 1 0 1 1 1 0 0 0 0 1 1 1 1 0 0 1 0 0 1 0 1 1 1 1 1 1 0 0 0 0 0 1 0 1 0 1 0 0 0 1 1 1 0 1 0 1 1 0 1 1 0 1 0 0 0 0 1 0 0 0 0 1 1 1 0 0 1 0 1 0 1 1 0 0 1 0 1 0 0 0 0 1 1 1 1 0 0 0 0 1 1 1 1 0 1 0 1 0 1 0 1 0 1 1 0 0 0 1 1 0 0 0 0 1 1 0 0 0 0 1 1 1 1 1 1 1 1 1 1 1 0 0 0 1 0 0 1 0 1 0 0 1 1 1 0 1 0 1 1 0 1 1 1 1 0 0 1 0 1 1 1 0 0 0 0 1 1 0 1 1 0 0 0 1 0 1 1 1 1 0 1 0 0 0 0 0 1 0 0 0 0 0 0 0 1 1 1 1 1 0 0 1 0 1 1 1 1 0 1 1 0 0 0 0 0 0 1 1 0 0 1 0 1 0 1

RESULTS_SEED_2_MOD_LVL_2_MOD_STR_9
BER: 0.03315881326352531
d:0 1 1 0 0 0 0 1 1 0 0 0 1 1 1 0 0 1 1 1 1 1 0 1 1 0 1 0 1 1 1 1 1 0 0 0 1 0 1 1 0 1 0 1 0 0 1 0 0 1 1 0 1 0 0 1 0 1 1 0 1 0 0 0 1 0 0 1 0 0 0 0 1 1 1 1 0 1 1 0 1 1 0 0 1 0 0 1 0 1 0 1 0 1 1 0 0 1 0 1 0 1 0 1 0 0 0 0 0 1 0 1 1 0 0 0 1 1 0 0 1 0 1 0 0 0 0 0 0 1 1 0 1 1 0 1 0 0 0 1 0 1 0 1 0 0 1 1 0 1 0 1 0 0 1 1 0 1 1 0 1 0 1 1 0 0 1 0 1 1 1 1 0 0 1 1 0 0 0 1 0 0 1 0 1 0 0 1 0 1 0 1 0 1 0 1 1 0 1 0 1 1 1 1 0 1 1 1 1 0 0 1 1 0 0 1 0 0 0 1 0 1 0 1 1 1 1 0 0 1 0 0 1 1 0 1 1 0 1 1 0 0 0 0 1 1 1 1 0 0 1 0 0 0 1 0 0 0 0 0 0 0 0 0 0 0 0 0 0 0 0 0 0 0 0 0 0 0 0 0 0 0 0 0 0 0 0 0 0 0 0 0 0 0 0 0 0 0 0 0 0 0 0 0 0 0 0 0 0 0 0 0 0 0 0 0 0 0 0 0 0 0 0 0 0 0 0 0 0 0 0 0 0 0 0 0 0 0 0 0 0 0 0 0 0 0 0 0 0 0 0 0 0 0 0 0 0 0 0 0 0 0 0 0 0 0 0 0 0 0 0 0 0 0 0 0 0 0 0 0 0 0 0 0 0 0 0 0 0 0 0 0 0 0 0 0 0 0 0 0 0 0 0 0 0 0 0 0 0 0 0 0 0 0 0 0 0 0 0 0 0 0 0 0 0 0 0 0 0 0 0 0 0 0 0 0 0 0 0 0 0 0 0 0 0 0 0 0 0 0 0 0 0 0 0 0 0 0 0 0 0 0 0 0 0 0 0 0 0 0 0 0 0 0 0 0 0 0 0 0 0 0 0 0 0 0 0 0 0 0 0 0 0 0 0 0 0 0 0 0 0 0 0 0 0 0 0 0 0 0 0 0 0 0 0 0 0 0 0 0 0 0 0 0 0 0 0 0 0 0 0 0 0 0 0 0 0 0 0 0 0 0 0 0 0 0 0 0 0 0 0 0 0 0 0 0 0 0 0 0 0 0 0 0 0 0 0 0 0 0 0 0 0 0 0 0 0 0 0 0 0 0 0 0 0 0 0 0 0 0 0 0 0 0 0 0 0 0 0 0 0 0 0 0 0 0 0 0 0 0 0 0 0 0 0 0 0 0 0 0 0 0 0 0 0 0 0 0 0 0 0 0 0 0 0 0 0 0 0 0 0 0 0 0 0 0 0 0 0 0 0 0 0 0 0 0 0 0 0 0 0 0 0 0 0 0 0 0 0 0 0 0 0 0 0 0 0 0 0 0 0 0 0 0 0 0 0 0 0 0 0 0 0 0 0 0 0 0 0 0 0 0 0 0 0 0 0 0 0 0 0 0 0 0 0 0 0 0 0 0 0 0 0 0 0 0 0 0 0 0 0 0 0 0 0 0 0 0 0 0 0 0 0 0 0 0 0 0 0 0 0 0 0 0 0 0 0 0 0 0 0 0 0 0 0 0 0 0 0 0 0 0 0 0 0 0 0 0 0 0 0 0 0 0 0 0 0 0 0 0 0 0 0 0 0 0 0 0 0 0 0 0 0 0 0 0 0 0 0 0 0 0 0 0 0 0 0 0 0 0 0 0 0 0 0 0 0 0 0 0 0 0 0 0 0 0 0 0 0 0 0 0 0 0 0 0 0 0 0 0 0 0 0 0 0 0 0 0 0 0 0 0 0 0 0 0 0 0 0 0 0 0 0 0 0 0 0 0 0 0 0 0 0 0 0 0 0 0 0 0 0 0 0 0 0 0 0 0 0 0 0 0 0 0 0 0 0 0 0 0 0 0 0 0 0 0 0 0 0 0 0 0 0 0 0 0 0 0 0 0 0 0 0 0 0 0 0 0 0 0 0 0 0 0 0 0 0 0 0 0 0 0 0 0 0 0 0 0 0 0 0 0 0 0 0 0 0 0 0 0 0 0 0 0 0 0 0 0 0 0 0 0 0 0 0 0 0 0 0 0 0 0 0 0 0 0 0 0 0 0 0 0 0 0 0 0 0 0 0 0 0 0 0 0 0 0 0 0 0 0 0 0 0 0 0 0 0 0 0 0 0 0 0 0 0 0 0 0 0 0 0 0 0 0 0 0 0 0 0 0 0 0 0 0 0 0 0 0 0 0 0 0 0 0 0 0 0 0 0 0 0 0 0 0 0 0 0 0 0 0 0 0 0 0 0 0 0 0 0 0 0 0 0 0 0 0 0 0 0 0 0 0 0 0 0 0 0 0 0 0 0 0 0 0 0 0 0 0 0 0 0 0 0 0 0 0 0 0 0 0 0 0 0 0 0 0 0 0 0 0 0 0 0 0 0 0
e:1 0 1 0 0 0 0 1 1 0 0 1 1 1 1 0 0 0 1 1 1 1 0 1 1 0 1 0 1 1 1 1 1 0 0 0 1 1 1 1 0 1 0 1 0 0 1 0 0 1 1 0 1 0 1 0 0 1 1 0 1 0 0 0 1 0 0 1 0 0 0 0 1 1 1 1 0 1 1 0 1 1 0 0 1 0 0 1 0 1 0 1 0 1 1 0 1 0 1 0 0 1 0 1 0 0 0 0 1 1 1 0 1 0 0 0 1 1 0 0 1 0 1 0 0 0 0 0 1 0 1 0 1 1 0 1 0 0 0 1 1 0 0 1 0 0 1 1 0 1 0 1 0 0 1 1 1 0 1 1 1 0 1 1 0 0 1 1 1 1 1 1 0 0 1 1 0 0 0 1 0 0 1 1 0 1 1 1 0 1 1 0 1 0 0 1 1 1 1 0 1 1 1 1 1 0 1 1 1 0 0 1 1 0 1 0 0 0 0 1 0 1 0 1 1 1 1 0 1 0 0 1 1 1 0 1 1 0 1 1 0 0 0 0 1 1 1 1 0 0 1 0 0 0 1 0

RESULTS_SEED_2_MOD_LVL_3_MOD_STR_9
BER: 0.043451272501551834
d:0 1 0 1 1 1 1 0 1 0 0 1 1 1 0 0 1 0 1 0 1 0 0 0 0 1 1 0 0 1 0 1 1 1 1 1 1 1 0 0 0 1 0 0 1 0 0 1 0 0 1 0 0 1 0 0 0 0 1 0 1 0 1 0 1 1 0 0 1 0 1 1 1 1 1 0 1 0 0 1 1 0 0 1 1 0 0 0 0 1 0 1 0 1 0 1 1 1 1 0 1 1 0 0 1 0 1 1 1 1 1 0 0 1 0 0 1 0 1 0 0 0 1 0 0 1 0 0 0 1 0 0 1 0 1 1 1 1 1 1 1 1 0 1 0 1 0 1 0 1 0 0 1 1 1 1 0 1 0 0 1 0 0 1 0 0 0 1 0 0 1 0 1 1 0 0 0 1 0 1 0 1 0 1 1 0 0 1 0 1 1 1 1 1 0 0 0 1 1 0 0 1 1 0 0 1 1 0 0 0 1 0 0 1 1 1 0 0 0 1 1 1 0 1 0 0 0 1 0 1 1 0 0 1 0 0 1 0 0 0 0 1 0 0 1 1 1 0 1 1 1 0 0 0 1 0 0 0 0 0 1 0 0 0 0 0 0 0 0 0 0 0 0 0 0 0 0 0 0 0 0 0 0 0 0 0 0 0 0 0 0 0 0 0 0 0 0 0 0 0 0 0 0 0 0 0 0 0 0 0 0 0 0 0 0 0 0 0 0 0 0 0 0 0 0 0 0 0 0 0 0 0 0 0 0 0 0 0 0 0 0 0 0 0 0 0 0 0 0 0 0 0 0 0 0 0 0 0 0 0 0 0 0 0 0 0 0 0 0 0 0 0 0 0 0 0 0 0 0 0 0 0 0 0 0 0 0 0 0 0 0 0 0 0 0 0 0 0 0 0 0 0 0 0 0 0 0 0 0 0 0 0 0 0 0 0 0 0 0 0 0 0 0 0 0 0 0 0 0 0 0 0 0 0 0 0 0 0 0 0 0 0 0 0 0 0 0 0 0 0 0 0 0 0 0 0 0 0 0 0 0 0 0 0 0 0 0 0 0 0 0 0 0 0 0 0 0 0 0 0 0 0 0 0 0 0 0 0 0 0 0 0 0 0 0 0 0 0 0 0 0 0 0 0 0 0 0 0 0 0 0 0 0 0 0 0 0 0 0 0 0 0 0 0 0 0 0 0 0 0 0 0 0 0 0 0 0 0 0 0 0 0 0 0 0 0 0 0 0 0 0 0 0 0 0 0 0 0 0 0 0 0 0 0 0 0 0 0 0 0 0 0 0 0 0 0 0 0 0 0 0 0 0 0 0 0 0 0 0 0 0 0 0 0 0 0 0 0 0 0 0 0 0 0 0 0 0 0 0 0 0 0 0 0 0 0 0 0 0 0 0 0 0 0 0 0 0 0 0 0 0 0 0 0 0 0 0 0 0 0 0 0 0 0 0 0 0 0 0 0 0 0 0 0 0 0 0 0 0 0 0 0 0 0 0 0 0 0 0 0 0 0 0 0 0 0 0 0 0 0 0 0 0 0 0 0 0 0 0 0 0 0 0 0 0 0 0 0 0 0 0 0 0 0 0 0 0 0 0 0 0 0 0 0 0 0 0 0 0 0 0 0 0 0 0 0 0 0 0 0 0 0 0 0 0 0 0 0 0 0 0 0 0 0 0 0 0 0 0 0 0 0 0 0 0 0 0 0 0 0 0 0 0 0 0 0 0 0 0 0 0 0 0 0 0 0 0 0 0 0 0 0 0 0 0 0 0 0 0 0 0 0 0 0 0 0 0 0 0 0 0 0 0 0 0 0 0 0 0 0 0 0 0 0 0 0 0 0 0 0 0 0 0 0 0 0 0 0 0 0 0 0 0 0 0 0 0 0 0 0 0 0 0 0 0 0 0 0 0 0 0 0 0 0 0 0 0 0 0 0 0 0 0 0 0 0 0 0 0 0 0 0 0 0 0 0 0 0 0 0 0 0 0 0 0 0 0 0 0 0 0 0 0 0 0 0 0 0 0 0 0 0 0 0 0 0 0 0 0 0 0 0 0 0 0 0 0 0 0 0 0 0 0 0 0 0 0 0 0 0 0 0 0 0 0 0 0 0 0 0 0 0 0 0 0 0 0 0 0 0 0 0 0 0 0 0 0 0 0 0 0 0 0 0 0 0 0 0 0 0 0 0 0 0 0 0 0 0 0 0 0 0 0 0 0 0 0 0 0 0 0 0 0 0 0 0 0 0 0 0 0 0 0 0 0 0 0 0 0 0 0 0 0 0 0 0 0 0 0 0 0 0 0 0 0 0 0 0 0 0 0 0 0 0 0 0 0 0 0 0 0 0 0 0 0 0 0 0 0 0 0 0 0 0 0 0 0 0 0 0 0 0 0 0 0 0 0 0 0 0 0 0 0 0 0 0 0 0 0 0 0 0 0 0 0 0 0 0 0 0 0 0 0 0 0 0 0 0 0 0 0 0 0 0 0 0 0 0 0 0 0 0 0 0 0 0 0 0 0 0 0 0 0 0 0 0 0 0 0 0 0 0 0 0 0 0 0 0 0 0 0 0 0 0 0 0 0 0 0 0 0 0 0 0 0 0 0 0 0 0 0 0 0 0 0 0 0 0 0 0 0 0 0 0 0 0 0 0 0 0 0 0 0 0 0 0 0 0 0 0 0 0 0 0 0 0 0 0 0 0 0 0 0 0 0 0 0 0 0 0 0 0 0 0 0 0 0 0 0 0 0 0 0 0 0 0 0 0 0 0 0 0 0 0 0 0 0 0 0 0 0 0 0 0 0 0 0 0 0 0 0 0 0 0 0 0 0 0 0 0 0 0 0 0 0 0 0 0 0 0 0 0 0 0 0 0 0 0 0 0 0 0 0 0 0 0 0 0 0 0 0 0 0 0 0 0 0 0 0 0 0 0 0 0 0 0 0 0 0 0 0 0 0 0 0 0 0 0 0 0 0 0 0 0 0 0 0 0 0 0 0 0 0 0 0 0 0 0 0 0 0 0 0 0 0 0 0 0 0 0 0 0 0 0 0 0 0 0 0 0 0 0 0 0 0 0 0 0 0 0 0 0 0 0 0 0 0 0 0 0 0 0 0 0 0 0 0 0 0 0 0 0 0 0 0 0 0 0 0 0 0 0 0 0 0 0 0 0 0 0 0 0 0 0 0 0 0 0 0 0 0 0 0 0 0 0 0 0 0 0 0 0 0 0 0 0 0 0 0 0 0 0 0 0 0 0 0 0 0 0 0 0 0 0 0 0 0 0 0 0 0 0 0 0 0 0 0 0 0 0 0 0 0 0 0 0 0 0 0 0 0 0 0 0 0 0 0 0 0 0 0 0 0 0 0 0 0 0 0 0 0 0 0 0 0 0 0 0 0 0 0 0 0 0 0 0 0 0 0 0 0 0 0 0 0 0 0 0 0 0 0 0 0 0 0 0 0 0 0 0 0 0 0 0 0 0 0 0 0 0 0 0 0 0 0 0 0 0 0 0 0 0 0 0 0 0 0 0 0 0 0 0 0 0 0 0 0 0 0 0 0 0 0 0 0 0 0 0 0 0 0 0 0 0 0 0 0 0 0 0 0 0 0 0 0 0 0 0 0 0 0
e:0 1 1 1 1 1 1 1 0 0 0 1 1 0 1 1 0 0 1 1 0 0 0 0 0 1 1 0 0 0 1 0 0 1 1 1 1 1 0 0 1 0 0 1 0 0 0 0 0 0 1 0 0 1 0 0 0 0 1 1 1 0 1 1 0 0 0 0 1 0 1 1 1 1 0 0 1 1 1 0 1 0 0 0 1 0 1 0 0 1 0 1 0 1 0 1 1 1 1 1 0 0 0 0 1 0 1 0 1 1 0 0 1 0 0 1 0 0 1 1 0 1 0 0 0 0 0 0 1 1 0 1 1 1 0 1 1 1 1 1 0 1 1 1 0 1 1 1 0 1 0 0 1 1 1 0 0 1 1 0 1 0 0 1 0 0 1 0 0 0 1 1 0 0 0 0 0 1 0 1 0 1 1 1 1 0 0 1 0 1 1 1 1 0 1 0 0 1 1 0 1 1 1 0 1 0 0 0 0 0 1 0 0 1 1 0 0 0 0 1 1 0 1 0 0 0 0 1 0 1 1 0 0 1 0 0 0 0 0 0 0 1 1 0 1 1 1 1 0 1 1 0 0 0 1 0 0 0

RESULTS_SEED_2_MOD_LVL_1_MOD_STR_12
BER: 0.00338409475465313
d:0 1 0 1 0 0 1 1 1 1 0 1 1 0 1 0 1 0 0 1 0 1 0 0 0 0 0 1 1 1 1 0 0 0 1 1 1 0 0 0 0 1 1 1 1 1 1 1 0 0 0 1 1 1 1 0 0 1 1 1 1 0 0 1 1 0 1 1 1 0 1 0 0 1 1 0 1 1 1 1 0 0 1 0 0 1 0 1 0 1 1 1 0 1 1 1 0 1 0 1 1 1 0 0 0 1 0 0 1 1 0 0 0 0 1 1 1 1 0 1 0 0 0 1 0 1 0 0 1 1 0 1 0 0 1 0 0 0 0 0 0 0 0 0 0 1 0 1 1 1 0 0 0 0 0 1 0 0 1 0 1 1 1 1 1 1 1 1 0 0 1 1 0 1 0 1 0 0 1 1 1 0 1 0 1 0 0 1 0 0 0 1 0 1 1 0 0 0 1 0 0 0 1 1 1 0 0 1 0 0 0 0 0 0 1 0 1 0 1 0 1 0 0 1 0 0 0 1 1 0 0 1 0 0 0 0 1 0 0 1 0 0 1 0 0 0 0 0 1 0 1 0 1 1 0 0 0 0 0 0 0 0 0 0 0 0 0 0 0 0 0 0 0 0 0 0 0 0 0 0 0 0 0 0 0 0 0 0 0 0 0 0 0 0 0 0 0 0 0 0 0 0 0 0 0 0 0 0 0 0 0 0 0 0 0 0 0 0 0 0 0 0 0 0 0 0 0 0 0 0 0 0 0 0 0 0 0 0 0 0 0 0 0 0 0 0 0 0 0 0 0 0 0 0 0 0 0 0 0 0 0 0 0 0 0 0 0 0 0 0 0 0 0 0 0 0 0 0 0 0 0 0 0 0 0 0 0 0 0 0 0 0 0 0 0 0 0 0 0 0 0 0 0 0 0 0 0 0 0 0 0 0 0 0 0 0 0 0 0 0 0 0 0 0 0 0 0 0 0 0 0 0 0 0 0 0 0 0 0 0 0 0 0 0 0 0 0 0 0 0 0 0 0 0 0 0 0 0 0 0 0 0 0 0 0 0 0 0 0 0 0 0 0 0 0 0 0 0 0 0 0 0 0 0 0 0 0 0 0 0 0 0 0 0 0 0 0 0 0 0 0 0 0 0 0 0 0 0 0 0 0 0 0 0 0 0 0 0 0 0 0 0 0 0 0 0 0 0 0 0 0 0 0 0 0 0 0 0 0 0 0 0 0 0 0 0 0 0 0 0 0 0 0 0 0 0 0 0 0 0 0 0 0 0 0 0 0 0 0 0 0 0 0 0 0 0 0 0 0 0 0 0 0 0 0 0 0 0 0 0 0
e:0 1 0 1 0 0 1 1 1 1 0 1 1 0 1 0 1 0 0 1 0 1 0 0 0 0 0 1 1 1 1 0 0 0 1 1 0 0 0 0 0 1 1 1 1 1 1 1 0 0 0 1 1 1 1 0 0 1 1 1 1 0 0 1 1 0 1 1 1 0 1 0 0 1 1 0 1 1 1 1 0 0 1 0 0 1 0 1 0 1 1 1 0 1 1 1 0 1 0 1 1 1 0 0 0 1 0 0 1 1 0 0 0 0 1 1 1 1 0 1 0 0 0 1 0 1 0 0 1 1 0 1 0 0 1 0 0 0 0 0 0 0 0 0 0 1 0 1 1 1 0 0 0 0 0 1 0 0 1 0 1 1 1 1 1 1 1 1 0 0 1 1 0 1 0 1 0 0 1 1 1 0 1 0 1 0 0 1 0 0 0 1 0 1 1 0 0 0 1 0 0 0 1 1 1 0 0 1 0 0 0 0 0 0 1 0 1 0 1 0 1 0 0 1 0 0 0 1 1 0 0 1 0 0 0 0 1 0 0 1 1 0 1 0 0 0 0 0 1 0 1 0 1 1 0 0

