RESULTS_SEED_3_MOD_LVL_1_MOD_STR_25
BER: 0.0
len:591
d:0 0 0 0 0 0 0 1 0 0 0 0 0 0 0 1 1 0 0 1 0 0 1 1 0 0 1 1 0 1 1 1 0 1 0 0 1 1 0 1 0 1 0 0 0 1 1 0 0 1 0 1 1 1 0 1 1 0 0 1 0 1 0 0 0 1 0 1 1 1 1 0 0 1 0 0 1 1 0 0 1 1 0 1 1 0 0 0 1 0 1 1 0 0 0 1 0 0 1 0 1 1 0 1 1 1 0 0 1 0 1 0 1 1 1 0 1 0 1 0 0 0 0 1 0 0 0 1 0 0 0 1 0 1 1 0 0 1 0 1 0 1 1 0 1 0 0 0 0 1 1 0 0 1 1 1 0 1 1 0 1 0 1 0 1 1 0 1 0 0 1 0 1 1 0 1 1 0 0 0 1 1 1 1 1 1 1 1 0 1 0 1 0 0 1 1 1 1 1 0 0 0 1 0 0 0 1 0 1 0 1 0 1 1 0 1 0 0 0 1 1 0 0 1 0 1 1 1 1 0 1 1 1 0 0 1 0 1 1 0 1 0 1 0 1 1 1 1 1 1 0 0 0 1 0 0 0 0 0 0 0 0 0 0 0 0 0 0 0 0 0 0 0 0 0 0 0 0 0 0 0 0 0 0 0 0 0 0 0 0 0 0 0 0 0 0 0 0 0 0 0 0 0 0 0 0 0 0 0 0 0 0 0 0 0 0 0 0 0 0 0 0 0 0 0 0 0 0 0 0 0 0 0 0 0 0 0 0 0 0 0 0 0 0 0 0 0 0 0 0 0 0 0 0 0 0 0 0 0 0 0 0 0 0 0 0 0 0 0 0 0 0 0 0 0 0 0 0 0 0 0 0 0 0 0 0 0 0 0 0 0 0 0 0 0 0 0 0 0 0 0 0 0 0 0 0 0 0 0 0 0 0 0 0 0 0 0 0 0 0 0 0 0 0 0 0 0 0 0 0 0 0 0 0 0 0 0 0 0 0 0 0 0 0 0 0 0 0 0 0 0 0 0 0 0 0 0 0 0 0 0 0 0 0 0 0 0 0 0 0 0 0 0 0 0 0 0 0 0 0 0 0 0 0 0 0 0 0 0 0 0 0 0 0 0 0 0 0 0 0 0 0 0 0 0 0 0 0 0 0 0 0 0 0 0 0 0 0 0 0 0 0 0 0 0 0 0 0 0 0 0 0 0 0 0 0 0 0 0 0 0 0 0 0 0 0 0 0 0 0 0 0 0 0 0 0 0 0 0 0 0 0 0 0 0 0 0 0 0 0 0 0 0 0 0 0 0 0 0 0 0 0 0 0 0 0 0 0 0 0 0
e:0 0 0 0 0 0 0 1 0 0 0 0 0 0 0 1 1 0 0 1 0 0 1 1 0 0 1 1 0 1 1 1 0 1 0 0 1 1 0 1 0 1 0 0 0 1 1 0 0 1 0 1 1 1 0 1 1 0 0 1 0 1 0 0 0 1 0 1 1 1 1 0 0 1 0 0 1 1 0 0 1 1 0 1 1 0 0 0 1 0 1 1 0 0 0 1 0 0 1 0 1 1 0 1 1 1 0 0 1 0 1 0 1 1 1 0 1 0 1 0 0 0 0 1 0 0 0 1 0 0 0 1 0 1 1 0 0 1 0 1 0 1 1 0 1 0 0 0 0 1 1 0 0 1 1 1 0 1 1 0 1 0 1 0 1 1 0 1 0 0 1 0 1 1 0 1 1 0 0 0 1 1 1 1 1 1 1 1 0 1 0 1 0 0 1 1 1 1 1 0 0 0 1 0 0 0 1 0 1 0 1 0 1 1 0 1 0 0 0 1 1 0 0 1 0 1 1 1 1 0 1 1 1 0 0 1 0 1 1 0 1 0 1 0 1 1 1 1 1 1 0 0 0 1 0 0

RESULTS_SEED_3_MOD_LVL_2_MOD_STR_25
BER: 0.0625
len:1146
d:0 1 0 1 0 1 0 1 0 1 0 0 1 1 0 1 0 1 0 0 1 0 1 0 1 0 1 0 1 1 0 0 0 1 0 1 0 1 1 0 1 1 0 0 1 1 0 0 1 0 1 0 0 1 0 1 1 0 1 0 0 0 1 0 1 1 0 0 0 0 1 0 0 1 0 1 1 0 0 0 0 1 0 1 1 0 0 1 1 0 1 0 0 0 0 1 0 1 0 0 1 0 0 1 0 1 1 0 1 1 1 1 1 0 1 0 1 0 0 0 0 0 0 0 1 1 0 1 0 1 1 0 1 1 0 0 1 0 1 0 0 1 1 0 1 1 1 0 1 1 0 1 1 0 0 1 0 1 1 0 1 0 0 0 1 0 1 0 0 0 0 1 1 0 0 1 1 1 1 0 0 1 0 1 0 0 1 0 1 0 1 0 0 0 0 0 0 0 1 0 1 0 1 1 1 1 0 1 0 1 1 0 1 0 1 1 1 0 1 0 0 1 0 0 0 0 1 0 1 1 1 0 1 0 0 1 1 0 0 1 0 0 1 1 1 0 1 0 1 1 1 1 0 1 1 0 0 1 0 0 0 0 0 0 0 0 0 0 0 0 0 0 0 0 0 0 0 0 0 0 0 0 0 0 0 0 0 0 0 0 0 0 0 0 0 0 0 0 0 0 0 0 0 0 0 0 0 0 0 0 0 0 0 0 0 0 0 0 0 0 0 0 0 0 0 0 0 0 0 0 0 0 0 0 0 0 0 0 0 0 0 0 0 0 0 0 0 0 0 0 0 0 0 0 0 0 0 0 0 0 0 0 0 0 0 0 0 0 0 0 0 0 0 0 0 0 0 0 0 0 0 0 0 0 0 0 0 0 0 0 0 0 0 0 0 0 0 0 0 0 0 0 0 0 0 0 0 0 0 0 0 0 0 0 0 0 0 0 0 0 0 0 0 0 0 0 0 0 0 0 0 0 0 0 0 0 0 0 0 0 0 0 0 0 0 0 0 0 0 0 0 0 0 0 0 0 0 0 0 0 0 0 0 0 0 0 0 0 0 0 0 0 0 0 0 0 0 0 0 0 0 0 0 0 0 0 0 0 0 0 0 0 0 0 0 0 0 0 0 0 0 0 0 0 0 0 0 0 0 0 0 0 0 0 0 0 0 0 0 0 0 0 0 0 0 0 0 0 0 0 0 0 0 0 0 0 0 0 0 0 0 0 0 0 0 0 0 0 0 0 0 0 0 0 0 0 0 0 0 0 0 0 0 0 0 0 0 0 0 0 0 0 0 0 0 0 0 0 0 0 0 0 0 0 0 0 0 0 0 0 0 0 0 0 0 0 0 0 0 0 0 0 0 0 0 0 0 0 0 0 0 0 0 0 0 0 0 0 0 0 0 0 0 0 0 0 0 0 0 0 0 0 0 0 0 0 0 0 0 0 0 0 0 0 0 0 0 0 0 0 0 0 0 0 0 0 0 0 0 0 0 0 0 0 0 0 0 0 0 0 0 0 0 0 0 0 0 0 0 0 0 0 0 0 0 0 0 0 0 0 0 0 0 0 0 0 0 0 0 0 0 0 0 0 0 0 0 0 0 0 0 0 0 0 0 0 0 0 0 0 0 0 0 0 0 0 0 0 0 0 0 0 0 0 0 0 0 0 0 0 0 0 0 0 0 0 0 0 0 0 0 0 0 0 0 0 0 0 0 0 0 0 0 0 0 0 0 0 0 0 0 0 0 0 0 0 0 0 0 0 0 0 0 0 0 0 0 0 0 0 0 0 0 0 0 0 0 0 0 0 0 0 0 0 0 0 0 0 0 0 0 0 0 0 0 0 0 0 0 0 0 0 0 0 0 0 0 0 0 0 0 0 0 0 0 0 0 0 0 0 0 0 0 0 0 0 0 0 0 0 0 0 0 0 0 0 0 0 0 0 0 0 0 0 0 0 0 0 0 0 0 0 0 0 0 0 0 0 0 0 0 0 0 0 0 0 0 0 0 0 0 0 0 0 0 0 0 0 0 0 0 0 0 0 0 0 0 0 0 0 0 0 0 0 0 0 0 0 0 0 0 0 0 0 0 0 0 0 0 0 0 0 0 0 0 0 0 0 0 0 0 0 0 0 0 0 0 0 0 0 0 0 0 0 0 0 0 0 0 0 0 0 0 0 0 0 0 0 0 0 0 0 0 0 0 0 0 0 0 0 0 0 0 0 0 0 0 0 0 0 0 0 0 0 0 0 0 0 0 0 0 0 0 0 0 0 0 0 0 0 0 0 0 0 0 0 0 0 0 0 0 0 0 0 0 0 0 0 0 0 0 0 0 0 0 0 0 0 0 0 0 0 0 0 0 0 0 0 0 0 0 0 0 0 0 0 0 0 0 0 0 0 0 0 0 0 0 0 0 0 0 0 0 0 0 0 0 0 0 0 0 0 0 0 0 0 0 0 0 0 0 0 0 0 0 0 0 0 0 0 0 0 0 0 0 0 0 0 0 0 0 0 0 0 0 0 0 0 0 0 0 0 0 0 0 0 0 0 0 0 0 0 0 0 0 0 0 0 0 0 0 0 0 0 0 0
e:0 1 0 1 0 1 1 0 0 1 0 0 1 1 0 1 0 1 0 0 1 0 1 0 1 0 1 0 1 1 0 0 0 1 0 1 0 1 1 0 1 1 0 0 1 1 0 0 1 0 1 0 0 1 0 1 1 0 1 0 0 0 1 0 1 1 0 0 0 0 1 1 0 1 0 1 1 0 0 0 0 1 0 1 1 0 0 1 1 0 1 0 0 0 0 1 0 1 0 0 1 0 0 1 0 1 1 0 1 1 1 0 1 0 1 0 1 0 0 0 0 0 0 0 1 1 0 1 0 1 1 1 1 1 0 0 1 0 1 0 0 1 1 0 1 1 1 0 1 1 0 1 1 0 1 0 0 1 1 0 1 1 0 0 1 0 1 0 0 0 0 1 1 0 0 1 1 1 1 0 0 1 1 0 0 0 1 0 1 1 1 0 0 0 0 0 0 0 1 0 1 1 1 1 1 1 0 1 0 1 1 0 1 0 1 1 1 0 1 0 0 1 0 0 0 0 1 0 1 1 1 1 1 1 0 1 1 1 0 1 0 0 1 1 1 0 1 1 1 1 1 1 0 1 1 0

RESULTS_SEED_3_MOD_LVL_3_MOD_STR_25
BER: 0.17829457364341086
len:1611
d:0 1 1 0 0 0 0 1 0 1 0 1 1 1 0 1 0 0 1 0 0 0 1 1 1 0 1 1 0 1 1 1 0 0 1 0 0 1 1 1 0 1 0 1 1 0 1 1 0 1 1 0 1 1 1 0 0 0 0 0 0 1 0 1 1 1 1 0 0 0 1 1 0 1 0 0 0 1 1 0 1 0 0 1 1 0 0 0 0 0 0 0 0 0 1 0 1 0 1 1 1 1 1 1 0 1 1 0 0 0 1 0 1 1 0 0 0 1 1 1 1 1 1 0 1 1 0 0 0 0 0 1 1 0 1 0 0 1 0 0 0 0 1 0 1 0 0 0 0 1 1 0 0 0 0 1 0 1 0 0 0 0 1 1 1 1 0 1 0 0 0 0 0 0 0 0 1 0 0 1 0 1 0 1 1 1 0 1 1 0 1 0 1 0 0 1 0 0 0 0 0 1 0 0 0 0 1 1 0 1 1 1 1 0 1 1 1 0 1 0 1 1 1 1 1 1 0 1 1 0 1 0 1 0 0 0 1 1 1 0 1 1 0 0 0 1 1 0 1 0 1 0 0 1 0 1 0 0 0 0 0 0 0 0 0 0 1 0 0 0 0 0 0 0 0 0 0 0 0 0 0 0 0 0 0 0 0 0 0 0 0 0 0 0 0 0 0 0 0 0 0 0 0 0 0 0 0 0 0 0 0 0 0 0 0 0 0 0 0 0 0 0 0 0 0 0 0 0 0 0 0 0 0 0 0 0 0 0 0 0 0 0 0 0 0 0 0 0 0 0 0 0 0 0 0 0 0 0 0 0 0 0 0 0 0 0 0 0 0 0 0 0 0 0 0 0 0 0 0 0 0 0 0 0 0 0 0 0 0 0 0 0 0 0 0 0 0 0 0 0 0 0 0 0 0 0 0 0 0 0 0 0 0 0 0 0 0 0 0 0 0 0 0 0 0 0 0 0 0 0 0 0 0 0 0 0 0 0 0 0 0 0 0 0 0 0 0 0 0 0 0 0 0 0 0 0 0 0 0 0 0 0 0 0 0 0 0 0 0 0 0 0 0 0 0 0 0 0 0 0 0 0 0 0 0 0 0 0 0 0 0 0 0 0 0 0 0 0 0 0 0 0 0 0 0 0 0 0 0 0 0 0 0 0 0 0 0 0 0 0 0 0 0 0 0 0 0 0 0 0 0 0 0 0 0 0 0 0 0 0 0 0 0 0 0 0 0 0 0 0 0 0 0 0 0 0 0 0 0 0 0 0 0 0 0 0 0 0 0 0 0 0 0 0 0 0 0 0 0 0 0 0 0 0 0 0 0 0 0 0 0 0 0 0 0 0 0 0 0 0 0 0 0 0 0 0 0 0 0 0 0 0 0 0 0 0 0 0 0 0 0 0 0 0 0 0 0 0 0 0 0 0 0 0 0 0 0 0 0 0 0 0 0 0 0 0 0 0 0 0 0 0 0 0 0 0 0 0 0 0 0 0 0 0 0 0 0 0 0 0 0 0 0 0 0 0 0 0 0 0 0 0 0 0 0 0 0 0 0 0 0 0 0 0 0 0 0 0 0 0 0 0 0 0 0 0 0 0 0 0 0 0 0 0 0 0 0 0 0 0 0 0 0 0 0 0 0 0 0 0 0 0 0 0 0 0 0 0 0 0 0 0 0 0 0 0 0 0 0 0 0 0 0 0 0 0 0 0 0 0 0 0 0 0 0 0 0 0 0 0 0 0 0 0 0 0 0 0 0 0 0 0 0 0 0 0 0 0 0 0 0 0 0 0 0 0 0 0 0 0 0 0 0 0 0 0 0 0 0 0 0 0 0 0 0 0 0 0 0 0 0 0 0 0 0 0 0 0 0 0 0 0 0 0 0 0 0 0 0 0 0 0 0 0 0 0 0 0 0 0 0 0 0 0 0 0 0 0 0 0 0 0 0 0 0 0 0 0 0 0 0 0 0 0 0 0 0 0 0 0 0 0 0 0 0 0 0 0 0 0 0 0 0 0 0 0 0 0 0 0 0 0 0 0 0 0 0 0 0 0 0 0 0 0 0 0 0 0 0 0 0 0 0 0 0 0 0 0 0 0 0 0 0 0 0 0 0 0 0 0 0 0 0 0 0 0 0 0 0 0 0 0 0 0 0 0 0 0 0 0 0 0 0 0 0 0 0 0 0 0 0 0 0 0 0 0 0 0 0 0 0 0 0 0 0 0 0 0 0 0 0 0 0 0 0 0 0 0 0 0 0 0 0 0 0 0 0 0 0 0 0 0 0 0 0 0 0 0 0 0 0 0 0 0 0 0 0 0 0 0 0 0 0 0 0 0 0 0 0 0 0 0 0 0 0 0 0 0 0 0 0 0 0 0 0 0 0 0 0 0 0 0 0 0 0 0 0 0 0 0 0 0 0 0 0 0 0 0 0 0 0 0 0 0 0 0 0 0 0 0 0 0 0 0 0 0 0 0 0 0 0 0 0 0 0 0 0 0 0 0 0 0 0 0 0 0 0 0 0 0 0 0 0 0 0 0 0 0 0 0 0 0 0 0 0 0 0 0 0 0 0 0 0 0 0 0 0 0 0 0 0 0 0 0 0 0 0 0 0 0 0 0 0 0 0 0 0 0 0 0 0 0 0 0 0 0 0 0 0 0 0 0 0 0 0 0 0 0 0 0 0 0 0 0 0 0 0 0 0 0 0 0 0 0 0 0 0 0 0 0 0 0 0 0 0 0 0 0 0 0 0 0 0 0 0 0 0 0 0 0 0 0 0 0 0 0 0 0 0 0 0 0 0 0 0 0 0 0 0 0 0 0 0 0 0 0 0 0 0 0 0 0 0 0 0 0 0 0 0 0 0 0 0 0 0 0 0 0 0 0 0 0 0 0 0 0 0 0 0 0 0 0 0 0 0 0 0 0 0 0 0 0 0 0 0 0 0 0 0 0 0 0 0 0 0 0 0 0 0 0 0 0 0 0 0 0 0 0 0 0 0 0 0 0 0 0 0 0 0 0 0 0 0 0 0 0 0 0 0 0 0 0 0 0 0 0 0 0 0 0 0 0 0 0 0 0 0 0 0 0 0 0 0 0 0 0 0 0 0 0 0 0 0 0 0 0 0 0 0 0 0 0 0 0 0 0 0 0 0 0 0 0 0 0 0 0 0 0 0 0 0 0 0 0 0 0 0 0 0 0 0 0 0 0 0 0 0 0 0 0 0 0 0 0 0 0 0 0 0 0 0 0 0 0 0 0 0 0 0 0 0 0 0 0 0 0 0 0 0 0 0 0 0 0 0 0 0 0 0 0 0 0 0 0 0 0 0 0 0 0 0 0 0 0 0 0 0 0 0 0 0 0 0 0 0 0 0 0 0 0 0 0 0 0 0 0 0 0 0 0 0 0 0 0 0 0 0 0 0 0 0 0 0 0 0 0 0 0 0 0 0 0 0 0 0 0 0 0 0 0 0 0 0 0 0 0 0 0 0 0 0 0 0 0 0 0 0 0 0 0 0 0 0 0 0 0 0 0 0 0 0 0 0 0 0 0 0 0 0 0 0 0 0 0 0 0 0 0 0 0 0 0 0 0 0 0 0 0 0 0 0 0 0 0 0 0 0 0 0 0 0
e:1 0 0 0 0 0 0 1 1 1 0 0 1 1 1 1 0 0 1 0 1 0 1 1 1 1 0 1 1 0 1 1 1 0 1 0 0 1 0 1 0 1 0 1 1 0 1 1 1 0 0 0 1 1 1 0 0 0 0 0 0 0 1 1 1 1 1 0 0 0 1 1 0 1 1 0 0 1 1 0 1 0 1 0 1 0 0 0 0 0 0 0 0 0 1 0 1 1 0 1 1 1 1 1 0 1 1 0 0 0 1 0 1 1 0 0 0 1 1 1 1 1 1 0 1 1 0 0 0 0 0 1 1 0 1 0 0 1 0 0 0 0 1 0 1 0 0 0 1 0 1 0 1 0 0 0 0 1 0 0 0 0 1 1 1 1 0 1 0 0 0 0 0 0 0 0 0 0 0 1 0 1 1 1 1 1 0 1 1 0 1 1 1 0 1 1 0 1 0 0 0 1 0 1 0 0 1 1 1 0 1 1 1 1 0 0 1 0 1 1 0 0 1 1 1 1 0 1 1 1 0 0 1 1 0 0 1 1 1 0 1 1 0 0 0 1 1 1 0 0 1 0 0 1 0 1 0 0

RESULTS_SEED_3_MOD_LVL_1_MOD_STR_50
BER: 0.0
len:591
d:1 1 0 0 1 1 1 0 0 1 1 0 0 0 1 0 1 0 1 0 0 1 1 1 0 0 1 0 0 1 0 1 0 1 0 1 1 1 1 0 0 1 1 0 0 0 0 0 0 0 0 1 1 0 0 0 1 0 0 0 0 1 0 0 0 1 0 0 0 0 0 1 0 0 1 1 1 0 1 1 0 0 1 1 0 0 1 0 0 0 0 1 0 0 1 0 1 1 1 0 0 1 1 0 1 1 0 0 1 1 0 1 0 0 0 1 0 1 1 1 0 1 0 1 1 1 0 1 1 0 0 1 1 1 0 1 0 0 0 1 1 0 1 0 0 0 0 0 1 1 0 1 1 1 0 1 1 1 1 0 0 0 0 0 0 1 1 0 1 0 0 1 1 1 1 0 1 1 0 0 0 0 1 0 0 1 1 1 1 1 0 1 0 0 1 0 1 0 0 1 1 1 0 1 1 1 0 0 0 0 1 0 0 1 0 0 0 0 0 1 1 0 1 0 1 0 1 1 0 0 0 0 1 1 0 0 1 0 1 1 0 1 0 0 0 0 1 0 0 1 0 0 1 0 0 1 0 0 0 0 0 0 0 0 0 0 0 0 0 0 0 0 0 0 0 0 0 0 0 0 0 0 0 0 0 0 0 0 0 0 0 0 0 0 0 0 0 0 0 0 0 0 0 0 0 0 0 0 0 0 0 0 0 0 0 0 0 0 0 0 0 0 0 0 0 0 0 0 0 0 0 0 0 0 0 0 0 0 0 0 0 0 0 0 0 0 0 0 0 0 0 0 0 0 0 0 0 0 0 0 0 0 0 0 0 0 0 0 0 0 0 0 0 0 0 0 0 0 0 0 0 0 0 0 0 0 0 0 0 0 0 0 0 0 0 0 0 0 0 0 0 0 0 0 0 0 0 0 0 0 0 0 0 0 0 0 0 0 0 0 0 0 0 0 0 0 0 0 0 0 0 0 0 0 0 0 0 0 0 0 0 0 0 0 0 0 0 0 0 0 0 0 0 0 0 0 0 0 0 0 0 0 0 0 0 0 0 0 0 0 0 0 0 0 0 0 0 0 0 0 0 0 0 0 0 0 0 0 0 0 0 0 0 0 0 0 0 0 0 0 0 0 0 0 0 0 0 0 0 0 0 0 0 0 0 0 0 0 0 0 0 0 0 0 0 0 0 0 0 0 0 0 0 0 0 0 0 0 0 0 0 0 0 0 0 0 0 0 0 0 0 0 0 0 0 0 0 0 0 0 0 0 0 0 0 0 0 0 0 0 0 0 0 0 0 0 0 0 0 0 0 0 0 0 0 0 0 0 0 0 0
e:1 1 0 0 1 1 1 0 0 1 1 0 0 0 1 0 1 0 1 0 0 1 1 1 0 0 1 0 0 1 0 1 0 1 0 1 1 1 1 0 0 1 1 0 0 0 0 0 0 0 0 1 1 0 0 0 1 0 0 0 0 1 0 0 0 1 0 0 0 0 0 1 0 0 1 1 1 0 1 1 0 0 1 1 0 0 1 0 0 0 0 1 0 0 1 0 1 1 1 0 0 1 1 0 1 1 0 0 1 1 0 1 0 0 0 1 0 1 1 1 0 1 0 1 1 1 0 1 1 0 0 1 1 1 0 1 0 0 0 1 1 0 1 0 0 0 0 0 1 1 0 1 1 1 0 1 1 1 1 0 0 0 0 0 0 1 1 0 1 0 0 1 1 1 1 0 1 1 0 0 0 0 1 0 0 1 1 1 1 1 0 1 0 0 1 0 1 0 0 1 1 1 0 1 1 1 0 0 0 0 1 0 0 1 0 0 0 0 0 1 1 0 1 0 1 0 1 1 0 0 0 0 1 1 0 0 1 0 1 1 0 1 0 0 0 0 1 0 0 1 0 0 1 0 0 1

RESULTS_SEED_3_MOD_LVL_2_MOD_STR_50
BER: 0.00390625
len:1146
d:1 1 1 0 1 0 0 0 1 1 0 0 0 0 1 0 0 1 1 0 1 0 0 0 1 0 0 0 0 0 1 1 0 0 0 1 0 0 0 1 1 1 0 1 1 1 0 1 1 1 0 1 0 0 0 1 1 0 0 1 0 0 1 0 0 1 0 0 0 1 1 0 1 1 0 0 0 1 0 1 0 0 1 1 0 1 1 0 1 1 0 0 0 1 1 1 0 0 0 0 1 1 0 1 0 0 0 1 0 1 1 0 1 0 0 0 1 0 1 1 0 0 0 1 0 0 0 0 0 1 1 0 1 0 1 0 0 0 1 1 0 0 1 1 1 0 1 0 0 0 1 1 0 1 1 1 0 0 1 1 0 1 0 1 0 0 0 1 0 0 0 1 0 1 0 1 0 1 1 1 0 1 0 1 0 0 1 0 1 1 0 0 0 0 1 1 1 1 0 0 1 1 1 1 0 1 1 0 0 1 0 0 1 0 0 0 0 1 0 1 1 1 1 1 0 0 1 1 1 0 0 1 0 0 0 0 1 1 0 1 1 1 1 1 0 0 0 1 0 1 1 1 1 1 0 0 0 0 0 0 0 0 0 0 0 0 0 0 0 0 0 0 0 0 0 0 0 0 0 0 0 0 0 0 0 0 0 0 0 0 0 0 0 0 0 0 0 0 0 0 0 0 0 0 0 0 0 0 0 0 0 0 0 0 0 0 0 0 0 0 0 0 0 0 0 0 0 0 0 0 0 0 0 0 0 0 0 0 0 0 0 0 0 0 0 0 0 0 0 0 0 0 0 0 0 0 0 0 0 0 0 0 0 0 0 0 0 0 0 0 0 0 0 0 0 0 0 0 0 0 0 0 0 0 0 0 0 0 0 0 0 0 0 0 0 0 0 0 0 0 0 0 0 0 0 0 0 0 0 0 0 0 0 0 0 0 0 0 0 0 0 0 0 0 0 0 0 0 0 0 0 0 0 0 0 0 0 0 0 0 0 0 0 0 0 0 0 0 0 0 0 0 0 0 0 0 0 0 0 0 0 0 0 0 0 0 0 0 0 0 0 0 0 0 0 0 0 0 0 0 0 0 0 0 0 0 0 0 0 0 0 0 0 0 0 0 0 0 0 0 0 0 0 0 0 0 0 0 0 0 0 0 0 0 0 0 0 0 0 0 0 0 0 0 0 0 0 0 0 0 0 0 0 0 0 0 0 0 0 0 0 0 0 0 0 0 0 0 0 0 0 0 0 0 0 0 0 0 0 0 0 0 0 0 0 0 0 0 0 0 0 0 0 0 0 0 0 0 0 0 0 0 0 0 0 0 0 0 0 0 0 0 0 0 0 0 0 0 0 0 0 0 0 0 0 0 0 0 0 0 0 0 0 0 0 0 0 0 0 0 0 0 0 0 0 0 0 0 0 0 0 0 0 0 0 0 0 0 0 0 0 0 0 0 0 0 0 0 0 0 0 0 0 0 0 0 0 0 0 0 0 0 0 0 0 0 0 0 0 0 0 0 0 0 0 0 0 0 0 0 0 0 0 0 0 0 0 0 0 0 0 0 0 0 0 0 0 0 0 0 0 0 0 0 0 0 0 0 0 0 0 0 0 0 0 0 0 0 0 0 0 0 0 0 0 0 0 0 0 0 0 0 0 0 0 0 0 0 0 0 0 0 0 0 0 0 0 0 0 0 0 0 0 0 0 0 0 0 0 0 0 0 0 0 0 0 0 0 0 0 0 0 0 0 0 0 0 0 0 0 0 0 0 0 0 0 0 0 0 0 0 0 0 0 0 0 0 0 0 0 0 0 0 0 0 0 0 0 0 0 0 0 0 0 0 0 0 0 0 0 0 0 0 0 0 0 0 0 0 0 0 0 0 0 0 0 0 0 0 0 0 0 0 0 0 0 0 0 0 0 0 0 0 0 0 0 0 0 0 0 0 0 0 0 0 0 0 0 0 0 0 0 0 0 0 0 0 0 0 0 0 0 0 0 0 0 0 0 0 0 0 0 0 0 0 0 0 0 0 0 0 0 0 0 0 0 0 0 0 0 0 0 0 0 0 0 0 0 0 0 0 0 0 0 0 0 0 0 0 0 0 0 0 0 0 0 0 0 0 0 0 0 0 0 0 0 0 0 0 0 0 0 0 0 0 0 0 0 0 0 0 0 0 0 0 0 0 0 0 0 0 0 0 0 0 0 0 0 0 0 0 0 0 0 0 0 0 0 0 0 0 0 0 0 0 0 0 0 0 0 0 0 0 0 0 0 0 0 0 0 0 0 0 0 0 0 0 0 0 0 0 0 0 0 0 0 0 0 0 0 0 0 0 0 0 0 0 0 0 0 0 0 0 0 0 0 0 0 0 0 0 0 0 0 0 0 0 0 0 0 0 0 0 0 0 0 0 0 0 0 0 0 0 0 0 0 0 0 0 0 0 0 0 0 0 0 0 0 0 0 0 0 0 0 0 0 0 0 0 0 0 0 0 0 0 0 0 0 0 0 0 0 0 0 0 0 0 0 0 0 0 0 0 0 0 0 0 0 0 0 0 0 0 0 0 0 0 0 0 0 0 0 0 0 0 0
e:1 1 1 0 1 0 0 0 1 1 0 0 0 0 1 0 0 1 1 0 1 0 0 0 1 0 0 0 0 0 1 1 0 0 0 1 0 0 0 1 1 1 0 1 1 1 0 1 1 1 0 1 0 0 0 1 1 0 0 1 0 0 1 0 0 1 0 0 0 1 1 0 1 1 0 0 0 1 0 1 0 0 1 1 0 1 1 0 1 1 0 0 0 1 1 1 0 0 0 0 1 1 0 1 0 0 0 1 0 1 1 0 1 0 0 0 1 0 1 1 0 0 0 1 0 0 0 0 0 1 1 0 1 0 1 0 0 0 1 1 0 0 1 1 1 0 1 0 0 0 1 1 0 1 1 1 0 0 1 1 0 1 0 1 0 0 0 1 0 0 0 1 0 1 0 1 0 1 1 1 0 1 0 1 0 0 1 0 1 1 0 0 0 0 1 1 1 1 0 0 1 1 1 1 0 1 1 1 0 1 0 0 1 0 0 0 0 1 0 1 1 1 1 1 0 0 1 1 1 0 0 1 0 0 0 0 1 1 0 1 1 1 1 1 0 0 0 1 0 1 1 1 1 1 0 0

RESULTS_SEED_3_MOD_LVL_3_MOD_STR_50
BER: 1
TIMED OUT!!!!!

RESULTS_SEED_3_MOD_LVL_1_MOD_STR_75
BER: 0.0
len:591
d:1 0 0 0 1 1 0 1 0 0 1 0 0 0 0 1 1 1 0 1 1 0 0 0 1 1 1 0 0 0 1 0 1 0 1 1 1 1 1 0 1 0 1 0 1 1 0 0 0 1 1 0 1 1 1 1 0 0 0 0 0 1 1 0 0 1 0 0 1 1 0 1 0 0 1 0 1 0 1 0 0 0 1 1 1 0 0 0 1 0 0 1 0 0 0 0 0 1 1 1 0 1 0 0 1 0 0 0 0 1 0 0 1 0 0 1 1 1 0 1 0 1 0 1 1 1 0 0 1 0 1 0 0 0 0 0 0 1 0 0 1 1 0 0 1 1 1 0 0 0 0 1 0 0 1 1 0 0 0 1 1 0 1 1 1 1 1 1 1 0 0 0 1 0 0 0 0 1 1 1 1 0 1 1 1 0 0 0 1 1 1 0 1 1 0 1 0 1 0 0 1 1 0 0 0 0 0 1 0 1 1 1 0 0 1 1 1 1 1 1 1 0 0 1 0 0 0 0 0 0 1 0 1 1 0 1 1 1 0 1 0 1 0 1 0 1 0 1 0 1 0 0 0 0 1 1 0 0 0 0 0 0 0 0 0 0 0 0 0 0 0 0 0 0 0 0 0 0 0 0 0 0 0 0 0 0 0 0 0 0 0 0 0 0 0 0 0 0 0 0 0 0 0 0 0 0 0 0 0 0 0 0 0 0 0 0 0 0 0 0 0 0 0 0 0 0 0 0 0 0 0 0 0 0 0 0 0 0 0 0 0 0 0 0 0 0 0 0 0 0 0 0 0 0 0 0 0 0 0 0 0 0 0 0 0 0 0 0 0 0 0 0 0 0 0 0 0 0 0 0 0 0 0 0 0 0 0 0 0 0 0 0 0 0 0 0 0 0 0 0 0 0 0 0 0 0 0 0 0 0 0 0 0 0 0 0 0 0 0 0 0 0 0 0 0 0 0 0 0 0 0 0 0 0 0 0 0 0 0 0 0 0 0 0 0 0 0 0 0 0 0 0 0 0 0 0 0 0 0 0 0 0 0 0 0 0 0 0 0 0 0 0 0 0 0 0 0 0 0 0 0 0 0 0 0 0 0 0 0 0 0 0 0 0 0 0 0 0 0 0 0 0 0 0 0 0 0 0 0 0 0 0 0 0 0 0 0 0 0 0 0 0 0 0 0 0 0 0 0 0 0 0 0 0 0 0 0 0 0 0 0 0 0 0 0 0 0 0 0 0 0 0 0 0 0 0 0 0 0 0 0 0 0 0 0 0 0 0 0 0 0 0 0 0 0 0 0 0 0 0 0 0 0 0 0 0 0 0 0 0 0
e:1 0 0 0 1 1 0 1 0 0 1 0 0 0 0 1 1 1 0 1 1 0 0 0 1 1 1 0 0 0 1 0 1 0 1 1 1 1 1 0 1 0 1 0 1 1 0 0 0 1 1 0 1 1 1 1 0 0 0 0 0 1 1 0 0 1 0 0 1 1 0 1 0 0 1 0 1 0 1 0 0 0 1 1 1 0 0 0 1 0 0 1 0 0 0 0 0 1 1 1 0 1 0 0 1 0 0 0 0 1 0 0 1 0 0 1 1 1 0 1 0 1 0 1 1 1 0 0 1 0 1 0 0 0 0 0 0 1 0 0 1 1 0 0 1 1 1 0 0 0 0 1 0 0 1 1 0 0 0 1 1 0 1 1 1 1 1 1 1 0 0 0 1 0 0 0 0 1 1 1 1 0 1 1 1 0 0 0 1 1 1 0 1 1 0 1 0 1 0 0 1 1 0 0 0 0 0 1 0 1 1 1 0 0 1 1 1 1 1 1 1 0 0 1 0 0 0 0 0 0 1 0 1 1 0 1 1 1 0 1 0 1 0 1 0 1 0 1 0 1 0 0 0 0 1 1

RESULTS_SEED_3_MOD_LVL_2_MOD_STR_75
BER: 1
TIMED OUT!!!!!

RESULTS_SEED_3_MOD_LVL_3_MOD_STR_75
BER: 1
TIMED OUT!!!!!

RESULTS_SEED_3_MOD_LVL_1_MOD_STR_100
BER: 0.0
len:591
d:0 0 0 0 1 1 1 0 0 0 1 0 0 0 1 1 1 0 0 1 0 0 0 0 0 0 0 0 1 1 1 0 1 1 0 1 1 1 0 0 0 0 1 0 1 0 0 1 1 0 0 1 1 0 1 0 0 0 1 1 0 0 0 0 0 0 1 1 1 1 0 0 0 1 0 1 1 0 1 1 1 0 1 0 0 0 1 1 1 1 0 0 0 1 0 1 1 1 0 0 0 1 1 0 1 1 0 0 0 1 0 1 1 1 1 0 1 0 1 1 1 1 1 0 0 1 1 1 1 1 0 1 1 1 0 0 1 0 0 1 0 0 0 1 1 0 1 1 1 1 1 0 1 1 1 0 1 0 0 1 1 1 1 1 0 1 0 1 1 1 0 0 0 1 0 0 1 0 0 0 1 1 0 0 1 0 1 1 1 0 0 1 1 1 0 0 1 0 1 1 1 1 0 1 0 1 1 0 0 1 0 0 0 0 0 1 1 1 0 1 0 1 1 0 0 1 0 0 0 0 1 1 0 1 1 0 1 1 0 0 1 1 0 1 0 0 1 1 0 0 0 1 0 1 0 0 0 0 0 0 0 0 0 0 0 0 0 0 0 0 0 0 0 0 0 0 0 0 0 0 0 0 0 0 0 0 0 0 0 0 0 0 0 0 0 0 0 0 0 0 0 0 0 0 0 0 0 0 0 0 0 0 0 0 0 0 0 0 0 0 0 0 0 0 0 0 0 0 0 0 0 0 0 0 0 0 0 0 0 0 0 0 0 0 0 0 0 0 0 0 0 0 0 0 0 0 0 0 0 0 0 0 0 0 0 0 0 0 0 0 0 0 0 0 0 0 0 0 0 0 0 0 0 0 0 0 0 0 0 0 0 0 0 0 0 0 0 0 0 0 0 0 0 0 0 0 0 0 0 0 0 0 0 0 0 0 0 0 0 0 0 0 0 0 0 0 0 0 0 0 0 0 0 0 0 0 0 0 0 0 0 0 0 0 0 0 0 0 0 0 0 0 0 0 0 0 0 0 0 0 0 0 0 0 0 0 0 0 0 0 0 0 0 0 0 0 0 0 0 0 0 0 0 0 0 0 0 0 0 0 0 0 0 0 0 0 0 0 0 0 0 0 0 0 0 0 0 0 0 0 0 0 0 0 0 0 0 0 0 0 0 0 0 0 0 0 0 0 0 0 0 0 0 0 0 0 0 0 0 0 0 0 0 0 0 0 0 0 0 0 0 0 0 0 0 0 0 0 0 0 0 0 0 0 0 0 0 0 0 0 0 0 0 0 0 0 0 0 0 0 0 0 0 0 0 0 0 0 0 0 0
e:0 0 0 0 1 1 1 0 0 0 1 0 0 0 1 1 1 0 0 1 0 0 0 0 0 0 0 0 1 1 1 0 1 1 0 1 1 1 0 0 0 0 1 0 1 0 0 1 1 0 0 1 1 0 1 0 0 0 1 1 0 0 0 0 0 0 1 1 1 1 0 0 0 1 0 1 1 0 1 1 1 0 1 0 0 0 1 1 1 1 0 0 0 1 0 1 1 1 0 0 0 1 1 0 1 1 0 0 0 1 0 1 1 1 1 0 1 0 1 1 1 1 1 0 0 1 1 1 1 1 0 1 1 1 0 0 1 0 0 1 0 0 0 1 1 0 1 1 1 1 1 0 1 1 1 0 1 0 0 1 1 1 1 1 0 1 0 1 1 1 0 0 0 1 0 0 1 0 0 0 1 1 0 0 1 0 1 1 1 0 0 1 1 1 0 0 1 0 1 1 1 1 0 1 0 1 1 0 0 1 0 0 0 0 0 1 1 1 0 1 0 1 1 0 0 1 0 0 0 0 1 1 0 1 1 0 1 1 0 0 1 1 0 1 0 0 1 1 0 0 0 1 0 1 0 0

RESULTS_SEED_3_MOD_LVL_2_MOD_STR_100
BER: 1
TIMED OUT!!!!!

RESULTS_SEED_3_MOD_LVL_3_MOD_STR_100
BER: 1
TIMED OUT!!!!!

RESULTS_SEED_3_MOD_LVL_1_MOD_STR_125
BER: 1
TIMED OUT!!!!!

